%time,field.header.seq,field.header.stamp,field.header.frame_id,field.current_id,field.relative_rad
1385302994318868808,0,1385302994318868808,,0,0.0
1385302994587082565,1,1385302994587082565,,0,0.0
1385302994654966142,2,1385302994654966142,,0,0.0
1385302994749731984,3,1385302994749731984,,0,0.0
1385302994845128404,4,1385302994845128404,,0,0.0
1385302994950009726,5,1385302994950009726,,0,0.0
1385302994980592749,6,1385302994980592749,,0,0.0
1385302995065882768,7,1385302995065882768,,0,0.0
1385302995159212685,8,1385302995159212685,,0,0.0
1385302995318002888,9,1385302995318002888,,0,0.0
1385302995446711199,10,1385302995446711199,,0,0.0
1385302995510282200,11,1385302995510282200,,0,0.0
1385302995634517869,12,1385302995634517869,,0,0.0
1385302995670872242,13,1385302995670872242,,0,0.0
1385302995761362446,14,1385302995761362446,,0,0.0
1385302995873608526,15,1385302995873608526,,0,0.0
1385302995965796334,16,1385302995965796334,,0,0.0
1385302996070451295,17,1385302996070451295,,0,0.0
1385302996172547341,18,1385302996172547341,,0,0.0
1385302996279068753,19,1385302996279068753,,0,0.0
1385302996393210193,20,1385302996393210193,,0,0.0
1385302996509605900,21,1385302996509605900,,0,0.0
1385302996639606292,22,1385302996639606292,,0,0.0
1385302996733839608,23,1385302996733839608,,0,0.0
1385302996776326180,24,1385302996776326180,,0,0.0
1385302996875201578,25,1385302996875201578,,0,0.0
1385302996965598700,26,1385302996965598700,,0,0.0
1385302997068288344,27,1385302997068288344,,0,0.0
1385302997171732425,28,1385302997171732425,,0,0.0
1385302997273152591,29,1385302997273152591,,0,0.0
1385302997378806818,30,1385302997378806818,,0,0.0
1385302997484465290,31,1385302997484465290,,0,0.0
1385302997569198898,32,1385302997569198898,,0,0.0
1385302997669459897,33,1385302997669459897,,0,0.0
1385302997779365973,34,1385302997779365973,,1,0.0
1385302997876875675,35,1385302997876875675,,1,0.0
1385302997986479076,36,1385302997986479076,,2,0.0
1385302998099170811,37,1385302998099170811,,2,0.0
1385302998189359895,38,1385302998189359895,,3,0.0
1385302998322539356,39,1385302998322539356,,3,0.0
1385302998375153112,40,1385302998375153112,,3,0.0
1385302998480012989,41,1385302998480012989,,3,0.0
1385302998583412203,42,1385302998583412203,,3,0.0
1385302998682511335,43,1385302998682511335,,3,0.0
1385302998791978948,44,1385302998791978948,,3,0.0
1385302998891099857,45,1385302998891099857,,4,0.0
1385302998996038784,46,1385302998996038784,,4,0.0
1385302999099956212,47,1385302999099956212,,4,0.0
1385302999192375195,48,1385302999192375195,,5,0.0
1385302999292117534,49,1385302999292117534,,5,0.0
1385302999420291571,50,1385302999420291571,,5,0.0
1385302999491690638,51,1385302999491690638,,5,0.0
1385302999601403472,52,1385302999601403472,,6,0.0
1385302999700029013,53,1385302999700029013,,6,0.0
1385302999786545556,54,1385302999786545556,,6,0.0
1385302999910643159,55,1385302999910643159,,6,0.0
1385302999991703104,56,1385302999991703104,,6,0.0
1385303000093895809,57,1385303000093895809,,6,0.0
1385303000195211065,58,1385303000195211065,,7,0.0
1385303000320643071,59,1385303000320643071,,7,0.0
1385303000398350985,60,1385303000398350985,,7,0.0
1385303000491883632,61,1385303000491883632,,7,0.0
1385303000598694977,62,1385303000598694977,,7,0.0
1385303000703289666,63,1385303000703289666,,7,0.0
1385303000804137073,64,1385303000804137073,,7,0.0
1385303000906949945,65,1385303000906949945,,7,0.0
1385303001002940528,66,1385303001002940528,,8,0.0
1385303001136235920,67,1385303001136235920,,8,0.0
1385303001320377794,68,1385303001320377794,,8,0.0
1385303001384758925,69,1385303001384758925,,8,0.0
1385303001453504789,70,1385303001453504789,,9,0.0
1385303001556050183,71,1385303001556050183,,9,0.0
1385303001654418181,72,1385303001654418181,,9,0.0
1385303001751474824,73,1385303001751474824,,9,0.0
1385303001850984594,74,1385303001850984594,,8,0.0
1385303001956879671,75,1385303001956879671,,8,0.0
1385303002075438066,76,1385303002075438066,,8,0.0
1385303002146110032,77,1385303002146110032,,8,0.0
1385303002239408160,78,1385303002239408160,,8,0.0
1385303002342650474,79,1385303002342650474,,9,0.0
1385303002481806987,80,1385303002481806987,,9,0.0
1385303002552043606,81,1385303002552043606,,10,0.0
1385303002650781782,82,1385303002650781782,,10,0.0
1385303002755401811,83,1385303002755401811,,10,0.0
1385303002844039420,84,1385303002844039420,,10,0.0
1385303002946548172,85,1385303002946548172,,10,0.0
1385303003044295174,86,1385303003044295174,,9,0.0
1385303003151251635,87,1385303003151251635,,8,0.0
1385303003262608791,88,1385303003262608791,,8,0.0
1385303003365291934,89,1385303003365291934,,8,0.0
1385303003468785065,90,1385303003468785065,,9,0.0
1385303003559298296,91,1385303003559298296,,10,0.0
1385303003661691900,92,1385303003661691900,,10,0.0
1385303003751061049,93,1385303003751061049,,10,0.0
1385303003858805431,94,1385303003858805431,,10,0.0
1385303003959031747,95,1385303003959031747,,10,0.0
1385303004068776925,96,1385303004068776925,,11,0.0
1385303004158898388,97,1385303004158898388,,11,0.0
1385303004263610639,98,1385303004263610639,,11,0.0
1385303004354225240,99,1385303004354225240,,11,0.0
1385303004463887447,100,1385303004463887447,,11,0.0
1385303004576174142,101,1385303004576174142,,12,0.0
1385303004666165744,102,1385303004666165744,,12,0.0
1385303004804096525,103,1385303004804096525,,12,0.0
1385303004876937539,104,1385303004876937539,,12,0.0
1385303004978183430,105,1385303004978183430,,12,0.0
1385303005060696684,106,1385303005060696684,,12,0.0
1385303005163470555,107,1385303005163470555,,12,0.0
1385303005297834283,108,1385303005297834283,,12,0.0
1385303005388643918,109,1385303005388643918,,12,0.0
1385303005473965689,110,1385303005473965689,,12,0.0
1385303005577731443,111,1385303005577731443,,13,0.0
1385303005667236280,112,1385303005667236280,,13,0.0
1385303005823160369,113,1385303005823160369,,13,0.0
1385303005891912318,114,1385303005891912318,,13,0.0
1385303006020461168,115,1385303006020461168,,13,0.0
1385303006131589138,116,1385303006131589138,,13,0.0
1385303006189278095,117,1385303006189278095,,13,0.0
1385303006315138343,118,1385303006315138343,,12,0.0
1385303006393939206,119,1385303006393939206,,12,0.0
1385303006470157287,120,1385303006470157287,,12,0.0
1385303006609962511,121,1385303006609962511,,12,0.0
1385303006676529914,122,1385303006676529914,,12,0.0
1385303006777373476,123,1385303006777373476,,12,0.0
1385303006886378177,124,1385303006886378177,,12,0.0
1385303006986792766,125,1385303006986792766,,12,0.0
1385303007077307062,126,1385303007077307062,,12,0.0
1385303007224149546,127,1385303007224149546,,12,0.0
1385303007278379335,128,1385303007278379335,,12,0.0
1385303007384347981,129,1385303007384347981,,12,0.0
1385303007487662540,130,1385303007487662540,,12,0.0
1385303007592906331,131,1385303007592906331,,12,0.0
1385303007861253358,132,1385303007861253358,,12,0.0
1385303007873012376,133,1385303007873012376,,12,0.0
1385303007920504786,134,1385303007920504786,,12,0.0
1385303007991326023,135,1385303007991326023,,12,0.0
1385303008100165893,136,1385303008100165893,,13,0.0
1385303008243066059,137,1385303008243066059,,13,0.0
1385303008359680906,138,1385303008359680906,,14,0.0
1385303008403933522,139,1385303008403933522,,14,0.0
1385303008486723599,140,1385303008486723599,,14,0.0
1385303008587521132,141,1385303008587521132,,14,0.0
1385303008686830004,142,1385303008686830004,,14,0.0
1385303008790163464,143,1385303008790163464,,14,0.0
1385303008898873310,144,1385303008898873310,,14,0.0
1385303009099733164,145,1385303009099733164,,14,0.0
1385303009165954512,146,1385303009165954512,,14,0.0
1385303009303852837,147,1385303009303852837,,14,0.0
1385303009398895606,148,1385303009398895606,,14,0.0
1385303009462427949,149,1385303009462427949,,15,0.0
1385303009496183521,150,1385303009496183521,,15,0.0
1385303009597408155,151,1385303009597408155,,15,0.0
1385303009694683045,152,1385303009694683045,,15,0.0
1385303009792360840,153,1385303009792360840,,15,0.0
1385303009893810781,154,1385303009893810781,,15,0.0
1385303009997330763,155,1385303009997330763,,15,0.0
1385303010101346654,156,1385303010101346654,,15,0.0
1385303010201949555,157,1385303010201949555,,15,0.0
1385303010306411967,158,1385303010306411967,,15,0.0
1385303010404140383,159,1385303010404140383,,15,0.0
1385303010507859511,160,1385303010507859511,,15,0.0
1385303010602700976,161,1385303010602700976,,16,0.0
1385303010725195481,162,1385303010725195481,,16,0.0
1385303010804093972,163,1385303010804093972,,16,0.0
1385303010910108490,164,1385303010910108490,,16,0.0
1385303011010183004,165,1385303011010183004,,16,0.0
1385303011112510890,166,1385303011112510890,,16,0.0
1385303011203923780,167,1385303011203923780,,16,0.0
1385303011308752543,168,1385303011308752543,,16,0.0
1385303011419954126,169,1385303011419954126,,16,0.0
1385303011510514668,170,1385303011510514668,,16,0.0
1385303011614504104,171,1385303011614504104,,16,0.0
1385303011713769358,172,1385303011713769358,,17,0.0
1385303011804937169,173,1385303011804937169,,17,0.0
1385303011903247634,174,1385303011903247634,,17,0.0
1385303012106426153,175,1385303012106426153,,18,0.0
1385303012134146537,176,1385303012134146537,,18,0.0
1385303012210896118,177,1385303012210896118,,19,0.0
1385303012335937010,178,1385303012335937010,,20,0.0
1385303012414704449,179,1385303012414704449,,21,0.0
1385303012530678573,180,1385303012530678573,,21,0.0
1385303012632076053,181,1385303012632076053,,22,0.0
1385303012721178400,182,1385303012721178400,,22,0.0
1385303012845124551,183,1385303012845124551,,23,0.0
1385303012922391585,184,1385303012922391585,,23,0.0
1385303013025217286,185,1385303013025217286,,24,0.0
1385303013123153122,186,1385303013123153122,,24,0.0
1385303013234470770,187,1385303013234470770,,25,0.0
1385303013334581209,188,1385303013334581209,,25,0.0
1385303013421322694,189,1385303013421322694,,25,0.0
1385303013526953861,190,1385303013526953861,,25,0.0
1385303013658973205,191,1385303013658973205,,26,0.0
1385303013727585136,192,1385303013727585136,,26,0.0
1385303013831536726,193,1385303013831536726,,26,0.0
1385303013937373422,194,1385303013937373422,,26,0.0
1385303014047310561,195,1385303014047310561,,26,0.0
1385303014141912280,196,1385303014141912280,,27,0.0
1385303014248324451,197,1385303014248324451,,27,0.0
1385303014343707915,198,1385303014343707915,,27,0.0
1385303014446264481,199,1385303014446264481,,27,0.0
1385303014540782935,200,1385303014540782935,,27,0.0
1385303014644209111,201,1385303014644209111,,28,0.0
1385303014736640027,202,1385303014736640027,,28,0.0
1385303014829359152,203,1385303014829359152,,28,0.0
1385303014930434679,204,1385303014930434679,,28,0.0
1385303015029074161,205,1385303015029074161,,28,0.0
1385303015139038388,206,1385303015139038388,,28,0.0
1385303015238284178,207,1385303015238284178,,28,0.0
1385303015334413393,208,1385303015334413393,,29,0.0
1385303015432936849,209,1385303015432936849,,29,0.0
1385303015537613513,210,1385303015537613513,,29,0.0
1385303015638624733,211,1385303015638624733,,29,0.0
1385303015782395481,212,1385303015782395481,,30,0.0
1385303015855632344,213,1385303015855632344,,30,0.0
1385303015946454745,214,1385303015946454745,,30,0.0
1385303016050280958,215,1385303016050280958,,30,0.0
1385303016150810515,216,1385303016150810515,,31,0.0
1385303016300787211,217,1385303016300787211,,31,0.0
1385303016343685546,218,1385303016343685546,,31,0.0
1385303016441815840,219,1385303016441815840,,31,0.0
1385303016546247564,220,1385303016546247564,,0,0.0
1385303016658498135,221,1385303016658498135,,0,0.0
1385303016795102777,222,1385303016795102777,,32,0.0
1385303016997266092,223,1385303016997266092,,32,0.0
1385303017075679321,224,1385303017075679321,,32,0.0
1385303017125425721,225,1385303017125425721,,32,0.0
1385303017183859833,226,1385303017183859833,,33,0.0
1385303017251841922,227,1385303017251841922,,33,0.0
1385303017358776264,228,1385303017358776264,,33,0.0
1385303017460560269,229,1385303017460560269,,33,0.0
1385303017555213217,230,1385303017555213217,,33,0.0
1385303017660894839,231,1385303017660894839,,33,0.0
1385303017758187640,232,1385303017758187640,,33,0.0
1385303017855009677,233,1385303017855009677,,33,0.0
1385303017958453860,234,1385303017958453860,,33,0.0
1385303018066864105,235,1385303018066864105,,33,0.0
1385303018162542465,236,1385303018162542465,,33,0.0
1385303018279052353,237,1385303018279052353,,33,0.0
1385303018383538028,238,1385303018383538028,,33,0.0
1385303018487850358,239,1385303018487850358,,34,0.0
1385303018575764096,240,1385303018575764096,,34,0.0
1385303018662604800,241,1385303018662604800,,34,0.0
1385303018766040189,242,1385303018766040189,,34,0.0
1385303018874313649,243,1385303018874313649,,34,0.0
1385303018970672673,244,1385303018970672673,,34,0.0
1385303019076707129,245,1385303019076707129,,34,0.0
1385303019162230209,246,1385303019162230209,,34,0.0
1385303019267503028,247,1385303019267503028,,34,0.0
1385303019371441854,248,1385303019371441854,,34,0.0
1385303019476124619,249,1385303019476124619,,34,0.0
1385303019574126881,250,1385303019574126881,,34,0.0
1385303019667588650,251,1385303019667588650,,34,0.0
1385303019773725885,252,1385303019773725885,,34,0.0
1385303019869430331,253,1385303019869430331,,34,0.0
1385303019976189629,254,1385303019976189629,,34,0.0
1385303020084284240,255,1385303020084284240,,34,0.0
1385303020183843920,256,1385303020183843920,,34,0.0
1385303020288043595,257,1385303020288043595,,34,0.0
1385303020386230769,258,1385303020386230769,,34,0.0
1385303020488695001,259,1385303020488695001,,34,0.0
1385303020589659476,260,1385303020589659476,,34,0.0
1385303020689705765,261,1385303020689705765,,34,0.0
1385303020807114736,262,1385303020807114736,,34,0.0
1385303020890304884,263,1385303020890304884,,34,0.0
1385303020992589493,264,1385303020992589493,,34,0.0
1385303021095909492,265,1385303021095909492,,34,0.0
1385303021214539389,266,1385303021214539389,,34,0.0
1385303021316600903,267,1385303021316600903,,34,0.0
1385303021404880872,268,1385303021404880872,,34,0.0
1385303021508377758,269,1385303021508377758,,34,0.0
1385303021582107855,270,1385303021582107855,,34,0.0
1385303021692851285,271,1385303021692851285,,34,0.0
1385303021815608113,272,1385303021815608113,,34,0.0
1385303021885320512,273,1385303021885320512,,34,0.0
1385303021982450153,274,1385303021982450153,,34,0.0
1385303022088662516,275,1385303022088662516,,34,0.0
1385303022194242059,276,1385303022194242059,,34,0.0
1385303022293090875,277,1385303022293090875,,34,0.0
1385303022390702932,278,1385303022390702932,,34,0.0
1385303022494659084,279,1385303022494659084,,34,0.0
1385303022623874799,280,1385303022623874799,,35,0.0
1385303022691195862,281,1385303022691195862,,35,0.0
1385303022800341282,282,1385303022800341282,,35,0.0
1385303022897029930,283,1385303022897029930,,35,0.0
1385303022995154351,284,1385303022995154351,,35,0.0
1385303023100214796,285,1385303023100214796,,35,0.0
1385303023207904709,286,1385303023207904709,,35,0.0
1385303023296479048,287,1385303023296479048,,35,0.0
1385303023394732196,288,1385303023394732196,,35,0.0
1385303023491311471,289,1385303023491311471,,35,0.0
1385303023594723579,290,1385303023594723579,,35,0.0
1385303023711745091,291,1385303023711745091,,35,0.0
1385303023827919579,292,1385303023827919579,,35,0.0
1385303023912663859,293,1385303023912663859,,35,0.0
1385303023999215244,294,1385303023999215244,,35,0.0
1385303024099703999,295,1385303024099703999,,35,0.0
1385303024199058949,296,1385303024199058949,,35,0.0
1385303024302073703,297,1385303024302073703,,35,0.0
1385303024406912251,298,1385303024406912251,,36,0.0
1385303024512311119,299,1385303024512311119,,36,0.0
1385303024610863738,300,1385303024610863738,,36,0.0
1385303024700207425,301,1385303024700207425,,36,0.0
1385303024801444834,302,1385303024801444834,,36,0.0
1385303024919431280,303,1385303024919431280,,36,0.0
1385303025002640606,304,1385303025002640606,,37,0.0
1385303025116161583,305,1385303025116161583,,36,0.0
1385303025234273449,306,1385303025234273449,,36,0.0
1385303025319762245,307,1385303025319762245,,36,0.0
1385303025404062214,308,1385303025404062214,,36,0.0
1385303025513364543,309,1385303025513364543,,36,0.0
1385303025620258618,310,1385303025620258618,,36,0.0
1385303025714504773,311,1385303025714504773,,38,0.0
1385303025827469726,312,1385303025827469726,,38,0.0
1385303025931757747,313,1385303025931757747,,38,0.0
1385303026005974438,314,1385303026005974438,,38,0.0
1385303026113406456,315,1385303026113406456,,38,0.0
1385303026227476794,316,1385303026227476794,,38,0.0
1385303026348089440,317,1385303026348089440,,39,0.0
1385303026429407340,318,1385303026429407340,,39,0.0
1385303026537867726,319,1385303026537867726,,39,0.0
1385303026631774398,320,1385303026631774398,,40,0.0
1385303026733232772,321,1385303026733232772,,40,0.0
1385303026830388861,322,1385303026830388861,,41,0.0
1385303026945292426,323,1385303026945292426,,41,0.0
1385303027079959301,324,1385303027079959301,,42,0.0
1385303027150983857,325,1385303027150983857,,42,0.0
1385303027237740892,326,1385303027237740892,,43,0.0
1385303027347252633,327,1385303027347252633,,43,0.0
1385303027487279818,328,1385303027487279818,,44,0.0
1385303027533468417,329,1385303027533468417,,44,0.0
1385303027622498606,330,1385303027622498606,,45,0.0
1385303027725785553,331,1385303027725785553,,45,0.0
1385303027829161839,332,1385303027829161839,,46,0.0
1385303027938382650,333,1385303027938382650,,46,0.0
1385303028102460333,334,1385303028102460333,,47,0.0
1385303028166400749,335,1385303028166400749,,47,0.0
1385303028236050888,336,1385303028236050888,,48,0.0
1385303028341999668,337,1385303028341999668,,48,0.0
1385303028443714302,338,1385303028443714302,,49,0.0
1385303028543492362,339,1385303028543492362,,49,0.0
1385303028639538448,340,1385303028639538448,,49,0.0
1385303028740526945,341,1385303028740526945,,50,0.0
1385303028833034594,342,1385303028833034594,,50,0.0
1385303028944598659,343,1385303028944598659,,50,0.0
1385303029086745660,344,1385303029086745660,,50,0.0
1385303029142654183,345,1385303029142654183,,51,0.0
1385303029251579987,346,1385303029251579987,,51,0.0
1385303029341475373,347,1385303029341475373,,52,0.0
1385303029451347995,348,1385303029451347995,,52,0.0
1385303029544608105,349,1385303029544608105,,52,0.0
1385303029661305872,350,1385303029661305872,,52,0.0
1385303029745006027,351,1385303029745006027,,52,0.0
1385303029842046869,352,1385303029842046869,,52,0.0
1385303029950638070,353,1385303029950638070,,52,0.0
1385303030054207667,354,1385303030054207667,,52,0.0
1385303030173749488,355,1385303030173749488,,52,0.0
1385303030259057782,356,1385303030259057782,,52,0.0
1385303030352203672,357,1385303030352203672,,52,0.0
1385303030452068994,358,1385303030452068994,,53,0.0
1385303030553220967,359,1385303030553220967,,53,0.0
1385303030651592194,360,1385303030651592194,,53,0.0
1385303030752181425,361,1385303030752181425,,54,0.0
1385303030858202982,362,1385303030858202982,,54,0.0
1385303030958721412,363,1385303030958721412,,54,0.0
1385303031060463226,364,1385303031060463226,,54,0.0
1385303031168941038,365,1385303031168941038,,55,0.0
1385303031281417489,366,1385303031281417489,,55,0.0
1385303031354019109,367,1385303031354019109,,55,0.0
1385303031468795470,368,1385303031468795470,,55,0.0
1385303031564028344,369,1385303031564028344,,55,0.0
1385303031675377485,370,1385303031675377485,,55,0.0
1385303031769768626,371,1385303031769768626,,56,0.0
1385303031878298546,372,1385303031878298546,,56,0.0
1385303031967275461,373,1385303031967275461,,56,0.0
1385303032063312522,374,1385303032063312522,,56,0.0
1385303032162959019,375,1385303032162959019,,57,0.0
1385303032274478005,376,1385303032274478005,,57,0.0
1385303032385072026,377,1385303032385072026,,57,0.0
1385303032467412444,378,1385303032467412444,,57,0.0
1385303032565288912,379,1385303032565288912,,58,0.0
1385303032732733784,380,1385303032732733784,,58,0.0
1385303032780335957,381,1385303032780335957,,58,0.0
1385303032883336346,382,1385303032883336346,,58,0.0
1385303032974124356,383,1385303032974124356,,57,0.0
1385303033082286961,384,1385303033082286961,,57,0.0
1385303033186505451,385,1385303033186505451,,57,0.0
1385303033310551672,386,1385303033310551672,,59,0.0
1385303033403171282,387,1385303033403171282,,59,0.0
1385303033478821147,388,1385303033478821147,,59,0.0
1385303033587246563,389,1385303033587246563,,59,0.0
1385303033687388309,390,1385303033687388309,,60,0.0
1385303033770715808,391,1385303033770715808,,60,0.0
1385303033872655350,392,1385303033872655350,,60,0.0
1385303033976244312,393,1385303033976244312,,60,0.0
1385303034080622170,394,1385303034080622170,,60,0.0
1385303034175968227,395,1385303034175968227,,60,0.0
1385303034278395977,396,1385303034278395977,,60,0.0
1385303034457129215,397,1385303034457129215,,60,0.0
1385303034515818082,398,1385303034515818082,,60,0.0
1385303034631519648,399,1385303034631519648,,60,0.0
1385303034687738698,400,1385303034687738698,,60,0.0
1385303034837161549,401,1385303034837161549,,61,0.0
1385303034919155343,402,1385303034919155343,,61,0.0
1385303034992993472,403,1385303034992993472,,61,0.0
1385303035083406795,404,1385303035083406795,,61,0.0
1385303035182202115,405,1385303035182202115,,61,0.0
1385303035285091964,406,1385303035285091964,,61,0.0
1385303035378630757,407,1385303035378630757,,61,0.0
1385303035485208932,408,1385303035485208932,,61,0.0
1385303035583301202,409,1385303035583301202,,61,0.0
1385303035691361492,410,1385303035691361492,,61,0.0
1385303035790338506,411,1385303035790338506,,61,0.0
1385303035892702935,412,1385303035892702935,,61,0.0
1385303036000047621,413,1385303036000047621,,61,0.0
1385303036160300569,414,1385303036160300569,,61,0.0
1385303036206041229,415,1385303036206041229,,61,0.0
1385303036457590167,416,1385303036457590167,,61,0.0
1385303036506906262,417,1385303036506906262,,62,0.0
1385303036582339734,418,1385303036582339734,,62,0.0
1385303036630033520,419,1385303036630033520,,62,0.0
1385303036732738860,420,1385303036732738860,,62,0.0
1385303036857551765,421,1385303036857551765,,62,0.0
1385303036943894626,422,1385303036943894626,,63,0.0
1385303037030953169,423,1385303037030953169,,63,0.0
1385303037135901983,424,1385303037135901983,,63,0.0
1385303037285511155,425,1385303037285511155,,63,0.0
1385303037376947756,426,1385303037376947756,,63,0.0
1385303037443752488,427,1385303037443752488,,63,0.0
1385303037587670230,428,1385303037587670230,,64,0.0
1385303037665750289,429,1385303037665750289,,64,0.0
1385303037784668589,430,1385303037784668589,,64,0.0
1385303037843170064,431,1385303037843170064,,64,0.0
1385303037940629549,432,1385303037940629549,,64,0.0
1385303038041566559,433,1385303038041566559,,64,0.0
1385303038147604919,434,1385303038147604919,,64,0.0
1385303038244138102,435,1385303038244138102,,65,0.0
1385303038343436212,436,1385303038343436212,,65,0.0
1385303038443204979,437,1385303038443204979,,64,0.0
1385303038542431092,438,1385303038542431092,,64,0.0
1385303038649542266,439,1385303038649542266,,64,0.0
1385303038762708470,440,1385303038762708470,,66,0.0
1385303038855752350,441,1385303038855752350,,66,0.0
1385303038946477091,442,1385303038946477091,,66,0.0
1385303039094567927,443,1385303039094567927,,66,0.0
1385303039189614718,444,1385303039189614718,,66,0.0
1385303039275298285,445,1385303039275298285,,66,0.0
1385303039347744761,446,1385303039347744761,,66,0.0
1385303039451243440,447,1385303039451243440,,66,0.0
1385303039548245171,448,1385303039548245171,,66,0.0
1385303039652735966,449,1385303039652735966,,66,0.0
1385303039759607453,450,1385303039759607453,,66,0.0
1385303039877734888,451,1385303039877734888,,66,0.0
1385303039957568425,452,1385303039957568425,,67,0.0
1385303040060530295,453,1385303040060530295,,67,0.0
1385303040157484649,454,1385303040157484649,,67,0.0
1385303040261882332,455,1385303040261882332,,67,0.0
1385303040362750807,456,1385303040362750807,,67,0.0
1385303040454102321,457,1385303040454102321,,68,0.0
1385303040560014798,458,1385303040560014798,,68,0.0
1385303040668518263,459,1385303040668518263,,69,0.0
1385303040813484884,460,1385303040813484884,,69,0.0
1385303040874189912,461,1385303040874189912,,70,0.0
1385303040978754394,462,1385303040978754394,,70,0.0
1385303041067777190,463,1385303041067777190,,71,0.0
1385303041173194616,464,1385303041173194616,,0,0.0
1385303041275453651,465,1385303041275453651,,0,0.0
1385303041406115138,466,1385303041406115138,,1,0.0
1385303041511095372,467,1385303041511095372,,1,0.0
1385303041586064448,468,1385303041586064448,,2,0.0
1385303041672673095,469,1385303041672673095,,72,0.0
1385303041775969354,470,1385303041775969354,,73,0.0
1385303041886187197,471,1385303041886187197,,73,0.0
1385303042004476661,472,1385303042004476661,,73,0.0
1385303042124485477,473,1385303042124485477,,74,0.0
1385303042345334877,474,1385303042345334877,,74,0.0
1385303042406953954,475,1385303042406953954,,74,0.0
1385303042440319372,476,1385303042440319372,,74,0.0
1385303042534242040,477,1385303042534242040,,75,0.0
1385303042638297675,478,1385303042638297675,,75,0.0
1385303042741476559,479,1385303042741476559,,5,0.0
1385303042849968466,480,1385303042849968466,,6,0.0
1385303042942545935,481,1385303042942545935,,6,0.0
1385303043037315765,482,1385303043037315765,,7,0.0
1385303043137795189,483,1385303043137795189,,8,0.0
1385303043263552314,484,1385303043263552314,,8,0.0
1385303043341002813,485,1385303043341002813,,9,0.0
1385303043444604833,486,1385303043444604833,,9,0.0
1385303043555296361,487,1385303043555296361,,9,0.0
1385303043657017006,488,1385303043657017006,,9,0.0
1385303043776203157,489,1385303043776203157,,9,0.0
1385303043846249723,490,1385303043846249723,,9,0.0
1385303043948836385,491,1385303043948836385,,9,0.0
1385303044052855396,492,1385303044052855396,,10,0.0
1385303044150399333,493,1385303044150399333,,10,0.0
1385303044257167108,494,1385303044257167108,,10,0.0
1385303044343492361,495,1385303044343492361,,10,0.0
1385303044458751021,496,1385303044458751021,,10,0.0
1385303044550313189,497,1385303044550313189,,11,0.0
1385303044665623545,498,1385303044665623545,,11,0.0
1385303044764245024,499,1385303044764245024,,11,0.0
1385303044857256150,500,1385303044857256150,,11,0.0
1385303044959611767,501,1385303044959611767,,11,0.0
1385303045060559129,502,1385303045060559129,,11,0.0
1385303045152913728,503,1385303045152913728,,11,0.0
1385303045252091469,504,1385303045252091469,,11,0.0
1385303045355997467,505,1385303045355997467,,11,0.0
1385303045457149777,506,1385303045457149777,,11,0.0
1385303045562942354,507,1385303045562942354,,11,0.0
1385303045662909555,508,1385303045662909555,,12,0.0
1385303045757886682,509,1385303045757886682,,12,0.0
1385303045862250232,510,1385303045862250232,,12,0.0
1385303045976659967,511,1385303045976659967,,11,0.0
1385303046107738488,512,1385303046107738488,,12,0.0
1385303046192328890,513,1385303046192328890,,76,0.0
1385303046342353515,514,1385303046342353515,,76,0.0
1385303046432632755,515,1385303046432632755,,76,0.0
1385303046526986538,516,1385303046526986538,,76,0.0
1385303046563899414,517,1385303046563899414,,76,0.0
1385303046659345704,518,1385303046659345704,,76,0.0
1385303046760196930,519,1385303046760196930,,13,0.0
1385303046862834519,520,1385303046862834519,,76,0.0
1385303046968638124,521,1385303046968638124,,76,0.0
1385303047083505588,522,1385303047083505588,,76,0.0
1385303047167703248,523,1385303047167703248,,77,0.0
1385303047279148545,524,1385303047279148545,,77,0.0
1385303047368185644,525,1385303047368185644,,77,0.0
1385303047469202765,526,1385303047469202765,,77,0.0
1385303047569119183,527,1385303047569119183,,77,0.0
1385303047670199857,528,1385303047670199857,,77,0.0
1385303047787604736,529,1385303047787604736,,77,0.0
1385303047885291596,530,1385303047885291596,,77,0.0
1385303047980908431,531,1385303047980908431,,77,0.0
1385303048088745320,532,1385303048088745320,,77,0.0
1385303048170790988,533,1385303048170790988,,77,0.0
1385303048275595347,534,1385303048275595347,,77,0.0
1385303048376822707,535,1385303048376822707,,77,0.0
1385303048480763204,536,1385303048480763204,,77,0.0
1385303048580732948,537,1385303048580732948,,78,0.0
1385303048680103960,538,1385303048680103960,,78,0.0
1385303048828223454,539,1385303048828223454,,78,0.0
1385303048876188125,540,1385303048876188125,,78,0.0
1385303048990897037,541,1385303048990897037,,78,0.0
1385303049081634654,542,1385303049081634654,,78,0.0
1385303049179344391,543,1385303049179344391,,78,0.0
1385303049343399451,544,1385303049343399451,,78,0.0
1385303049391126342,545,1385303049391126342,,78,0.0
1385303049487769834,546,1385303049487769834,,78,0.0
1385303049591187837,547,1385303049591187837,,78,0.0
1385303049691519464,548,1385303049691519464,,15,0.0
1385303049783663918,549,1385303049783663918,,15,0.0
1385303049887748902,550,1385303049887748902,,15,0.0
1385303050075491008,551,1385303050075491008,,79,0.0
1385303050112069436,552,1385303050112069436,,15,0.0
1385303050189245779,553,1385303050189245779,,79,0.0
1385303050285850663,554,1385303050285850663,,79,0.0
1385303050446495436,555,1385303050446495436,,79,0.0
1385303050539457581,556,1385303050539457581,,79,0.0
1385303050599605457,557,1385303050599605457,,79,0.0
1385303050692615648,558,1385303050692615648,,79,0.0
1385303050792242520,559,1385303050792242520,,80,0.0
1385303050889420029,560,1385303050889420029,,80,0.0
1385303050994332130,561,1385303050994332130,,15,0.0
1385303051092051535,562,1385303051092051535,,15,0.0
1385303051198500538,563,1385303051198500538,,16,0.0
1385303051308989781,564,1385303051308989781,,16,0.0
1385303051398022437,565,1385303051398022437,,16,0.0
1385303051498662817,566,1385303051498662817,,16,0.0
1385303051594401442,567,1385303051594401442,,17,0.0
1385303051697970508,568,1385303051697970508,,17,0.0
1385303051801374609,569,1385303051801374609,,17,0.0
1385303051908460385,570,1385303051908460385,,17,0.0
1385303052005958293,571,1385303052005958293,,17,0.0
1385303052119760858,572,1385303052119760858,,81,0.0
1385303052212750111,573,1385303052212750111,,81,0.0
1385303052313560644,574,1385303052313560644,,81,0.0
1385303052430411340,575,1385303052430411340,,81,0.0
1385303052517500160,576,1385303052517500160,,81,0.0
1385303052618080744,577,1385303052618080744,,81,0.0
1385303052726790968,578,1385303052726790968,,81,0.0
1385303052840499345,579,1385303052840499345,,82,0.0
1385303052903013242,580,1385303052903013242,,82,0.0
1385303053000045075,581,1385303053000045075,,18,0.0
1385303053135544567,582,1385303053135544567,,83,0.0
1385303053246024628,583,1385303053246024628,,84,0.0
1385303053358764483,584,1385303053358764483,,85,0.0
1385303053429191023,585,1385303053429191023,,86,0.0
1385303053516038774,586,1385303053516038774,,22,0.0
1385303053650116842,587,1385303053650116842,,23,0.0
1385303053771979720,588,1385303053771979720,,23,0.0
1385303053837070330,589,1385303053837070330,,24,0.0
1385303053925687494,590,1385303053925687494,,24,0.0
1385303054020898749,591,1385303054020898749,,24,0.0
1385303054131333768,592,1385303054131333768,,87,0.0
1385303054229113860,593,1385303054229113860,,87,0.0
1385303054321047171,594,1385303054321047171,,87,0.0
1385303054422956945,595,1385303054422956945,,87,0.0
1385303054528237772,596,1385303054528237772,,88,0.0
1385303054624544617,597,1385303054624544617,,88,0.0
1385303054729156388,598,1385303054729156388,,26,0.0
1385303054836695253,599,1385303054836695253,,27,0.0
1385303054938796345,600,1385303054938796345,,27,0.0
1385303055021954604,601,1385303055021954604,,27,0.0
1385303055123931773,602,1385303055123931773,,28,0.0
1385303055223878577,603,1385303055223878577,,28,0.0
1385303055353657086,604,1385303055353657086,,28,0.0
1385303055443530476,605,1385303055443530476,,28,0.0
1385303055528705187,606,1385303055528705187,,28,0.0
1385303055637261581,607,1385303055637261581,,29,0.0
1385303055732804578,608,1385303055732804578,,29,0.0
1385303055829019598,609,1385303055829019598,,29,0.0
1385303055926273107,610,1385303055926273107,,29,0.0
1385303056029783778,611,1385303056029783778,,29,0.0
1385303056137748918,612,1385303056137748918,,30,0.0
1385303056243604984,613,1385303056243604984,,30,0.0
1385303056337651948,614,1385303056337651948,,30,0.0
1385303056430763677,615,1385303056430763677,,31,0.0
1385303056561572989,616,1385303056561572989,,31,0.0
1385303056649644640,617,1385303056649644640,,31,0.0
1385303056742575815,618,1385303056742575815,,31,0.0
1385303056856231049,619,1385303056856231049,,31,0.0
1385303056959700499,620,1385303056959700499,,32,0.0
1385303057046544630,621,1385303057046544630,,32,0.0
1385303057164175845,622,1385303057164175845,,32,0.0
1385303057244224510,623,1385303057244224510,,32,0.0
1385303057347507126,624,1385303057347507126,,33,0.0
1385303057446944301,625,1385303057446944301,,33,0.0
1385303057554697916,626,1385303057554697916,,33,0.0
1385303057648864957,627,1385303057648864957,,33,0.0
1385303057749007003,628,1385303057749007003,,33,0.0
1385303057846287799,629,1385303057846287799,,33,0.0
1385303057951347212,630,1385303057951347212,,33,0.0
1385303058058394328,631,1385303058058394328,,34,0.0
1385303058160946300,632,1385303058160946300,,89,0.0
1385303058260684588,633,1385303058260684588,,89,0.0
1385303058373978536,634,1385303058373978536,,89,0.0
1385303058464439425,635,1385303058464439425,,89,0.0
1385303058564097133,636,1385303058564097133,,89,0.0
1385303058677908185,637,1385303058677908185,,89,0.0
1385303058772192672,638,1385303058772192672,,90,0.0
1385303058895262004,639,1385303058895262004,,90,0.0
1385303059025733609,640,1385303059025733609,,90,0.0
1385303059196821501,641,1385303059196821501,,91,0.0
1385303059225207014,642,1385303059225207014,,91,0.0
1385303059310718246,643,1385303059310718246,,92,0.0
1385303059411629357,644,1385303059411629357,,92,0.0
1385303059511109523,645,1385303059511109523,,93,0.0
1385303059564566998,646,1385303059564566998,,93,0.0
1385303059668716665,647,1385303059668716665,,94,0.0
1385303059764181679,648,1385303059764181679,,94,0.0
1385303059857010935,649,1385303059857010935,,95,0.0
1385303059966101770,650,1385303059966101770,,96,0.0
1385303060059361888,651,1385303060059361888,,97,0.0
1385303060161924269,652,1385303060161924269,,97,0.0
1385303060263057425,653,1385303060263057425,,98,0.0
1385303060360927795,654,1385303060360927795,,98,0.0
1385303060466416541,655,1385303060466416541,,99,0.0
1385303060569685698,656,1385303060569685698,,99,0.0
1385303060670645940,657,1385303060670645940,,99,0.0
1385303060772653205,658,1385303060772653205,,100,0.0
1385303060883981616,659,1385303060883981616,,100,0.0
1385303060984573238,660,1385303060984573238,,100,0.0
1385303061084919280,661,1385303061084919280,,101,0.0
1385303061180441848,662,1385303061180441848,,101,0.0
1385303061281946239,663,1385303061281946239,,101,0.0
1385303061395757395,664,1385303061395757395,,102,0.0
1385303061488988081,665,1385303061488988081,,102,0.0
1385303061575455621,666,1385303061575455621,,103,0.0
1385303061686650143,667,1385303061686650143,,103,0.0
1385303061787757163,668,1385303061787757163,,104,0.0
1385303061890965656,669,1385303061890965656,,104,0.0
1385303062063919806,670,1385303062063919806,,105,0.0
1385303062112576520,671,1385303062112576520,,105,0.0
1385303062211851644,672,1385303062211851644,,106,0.0
1385303062286114506,673,1385303062286114506,,106,0.0
1385303062393321295,674,1385303062393321295,,107,0.0
1385303062487939944,675,1385303062487939944,,107,0.0
1385303062595297278,676,1385303062595297278,,108,0.0
1385303062699012353,677,1385303062699012353,,108,0.0
1385303062806481751,678,1385303062806481751,,108,0.0
1385303062894991251,679,1385303062894991251,,109,0.0
1385303063004171094,680,1385303063004171094,,109,0.0
1385303063087925392,681,1385303063087925392,,110,0.0
1385303063187750781,682,1385303063187750781,,110,0.0
1385303063289231089,683,1385303063289231089,,110,0.0
1385303063402765475,684,1385303063402765475,,111,0.0
1385303063492604943,685,1385303063492604943,,111,0.0
1385303063610644815,686,1385303063610644815,,111,0.0
1385303063693461977,687,1385303063693461977,,1,0.0
1385303063852927424,688,1385303063852927424,,112,0.0
1385303063904452234,689,1385303063904452234,,112,0.0
1385303064103264237,690,1385303064103264237,,113,0.0
1385303064130875483,691,1385303064130875483,,113,0.0
1385303064198764948,692,1385303064198764948,,113,0.0
1385303064288849106,693,1385303064288849106,,0,0.0
1385303064395802472,694,1385303064395802472,,67,0.0
1385303064503415622,695,1385303064503415622,,114,0.0
1385303064600401255,696,1385303064600401255,,114,0.0
1385303064713962559,697,1385303064713962559,,114,0.0
1385303064823121527,698,1385303064823121527,,114,0.0
1385303064939885513,699,1385303064939885513,,114,0.0
1385303065022974494,700,1385303065022974494,,115,0.0
1385303065108592868,701,1385303065108592868,,115,0.0
1385303065219571394,702,1385303065219571394,,116,0.0
1385303065348114173,703,1385303065348114173,,116,0.0
1385303065453623302,704,1385303065453623302,,116,0.0
1385303065530352067,705,1385303065530352067,,117,0.0
1385303065609003213,706,1385303065609003213,,117,0.0
1385303065715308614,707,1385303065715308614,,118,0.0
1385303065814204550,708,1385303065814204550,,118,0.0
1385303065916172443,709,1385303065916172443,,119,0.0
1385303066015151548,710,1385303066015151548,,119,0.0
1385303066153902492,711,1385303066153902492,,119,0.0
1385303066236870963,712,1385303066236870963,,119,0.0
1385303066324996110,713,1385303066324996110,,120,0.0
1385303066413634841,714,1385303066413634841,,120,0.0
1385303066525992216,715,1385303066525992216,,121,0.0
1385303066624012765,716,1385303066624012765,,121,0.0
1385303066720374229,717,1385303066720374229,,121,0.0
1385303066833494422,718,1385303066833494422,,120,0.0
1385303066928081544,719,1385303066928081544,,121,0.0
1385303067025491374,720,1385303067025491374,,122,0.0
1385303067125195145,721,1385303067125195145,,122,0.0
1385303067227336728,722,1385303067227336728,,122,0.0
1385303067332592152,723,1385303067332592152,,123,0.0
1385303067425047020,724,1385303067425047020,,123,0.0
1385303067540759138,725,1385303067540759138,,123,0.0
1385303067804839817,726,1385303067804839817,,124,0.0
1385303067854243320,727,1385303067854243320,,124,0.0
1385303067921109781,728,1385303067921109781,,124,0.0
1385303067990526658,729,1385303067990526658,,125,0.0
1385303068105241071,730,1385303068105241071,,125,0.0
1385303068215134814,731,1385303068215134814,,125,0.0
1385303068293360429,732,1385303068293360429,,126,0.0
1385303068336239495,733,1385303068336239495,,126,0.0
1385303068443808437,734,1385303068443808437,,127,0.0
1385303068552776387,735,1385303068552776387,,127,0.0
1385303068640330788,736,1385303068640330788,,128,0.0
1385303068759069934,737,1385303068759069934,,128,0.0
1385303068843880330,738,1385303068843880330,,129,0.0
1385303068936175564,739,1385303068936175564,,129,0.0
1385303069042438005,740,1385303069042438005,,130,0.0
1385303069163189526,741,1385303069163189526,,130,0.0
1385303069332121834,742,1385303069332121834,,130,0.0
1385303069390719613,743,1385303069390719613,,131,0.0
1385303069496980626,744,1385303069496980626,,131,0.0
1385303069569561282,745,1385303069569561282,,131,0.0
1385303069657231092,746,1385303069657231092,,131,0.0
1385303069739224267,747,1385303069739224267,,131,0.0
1385303069852511893,748,1385303069852511893,,131,0.0
1385303069965819939,749,1385303069965819939,,131,0.0
1385303070069256660,750,1385303070069256660,,132,0.0
1385303070143105214,751,1385303070143105214,,132,0.0
1385303070249534006,752,1385303070249534006,,132,0.0
1385303070350902530,753,1385303070350902530,,81,0.0
1385303070444077617,754,1385303070444077617,,81,0.0
1385303070552169174,755,1385303070552169174,,17,0.0
1385303070649491301,756,1385303070649491301,,17,0.0
1385303070741637496,757,1385303070741637496,,17,0.0
1385303070867312652,758,1385303070867312652,,17,0.0
1385303070966014077,759,1385303070966014077,,18,0.0
1385303071055091079,760,1385303071055091079,,18,0.0
1385303071156776286,761,1385303071156776286,,18,0.0
1385303071246888109,762,1385303071246888109,,18,0.0
1385303071353191769,763,1385303071353191769,,18,0.0
1385303071449552140,764,1385303071449552140,,18,0.0
1385303071568098891,765,1385303071568098891,,133,0.0
1385303071675335876,766,1385303071675335876,,133,0.0
1385303071740494859,767,1385303071740494859,,83,0.0
1385303071877512725,768,1385303071877512725,,83,0.0
1385303071939186894,769,1385303071939186894,,83,0.0
1385303072090616966,770,1385303072090616966,,83,0.0
1385303072141965134,771,1385303072141965134,,84,0.0
1385303072245096873,772,1385303072245096873,,84,0.0
1385303072358414141,773,1385303072358414141,,134,0.0
1385303072492579543,774,1385303072492579543,,85,0.0
1385303072611640007,775,1385303072611640007,,86,0.0
1385303072673258650,776,1385303072673258650,,86,0.0
1385303072762452253,777,1385303072762452253,,135,0.0
1385303072862696257,778,1385303072862696257,,135,0.0
1385303072968380646,779,1385303072968380646,,87,0.0
1385303073068101031,780,1385303073068101031,,87,0.0
1385303073167023370,781,1385303073167023370,,88,0.0
1385303073273487305,782,1385303073273487305,,88,0.0
1385303073361107717,783,1385303073361107717,,26,0.0
1385303073513851668,784,1385303073513851668,,26,0.0
1385303073569656456,785,1385303073569656456,,27,0.0
1385303073662641262,786,1385303073662641262,,27,0.0
1385303073763065766,787,1385303073763065766,,27,0.0
1385303073863582254,788,1385303073863582254,,27,0.0
1385303073960920760,789,1385303073960920760,,28,0.0
1385303074105848941,790,1385303074105848941,,28,0.0
1385303074166159113,791,1385303074166159113,,28,0.0
1385303074260278955,792,1385303074260278955,,28,0.0
1385303074361526374,793,1385303074361526374,,28,0.0
1385303074458188371,794,1385303074458188371,,29,0.0
1385303074577306463,795,1385303074577306463,,29,0.0
1385303074663536591,796,1385303074663536591,,29,0.0
1385303074768717754,797,1385303074768717754,,29,0.0
1385303074866186820,798,1385303074866186820,,30,0.0
1385303074972312478,799,1385303074972312478,,30,0.0
1385303075095692545,800,1385303075095692545,,30,0.0
1385303075195546553,801,1385303075195546553,,30,0.0
1385303075354674787,802,1385303075354674787,,30,0.0
1385303075383859409,803,1385303075383859409,,31,0.0
1385303075467953503,804,1385303075467953503,,31,0.0
1385303075568352572,805,1385303075568352572,,31,0.0
1385303075678149193,806,1385303075678149193,,31,0.0
1385303075799428294,807,1385303075799428294,,31,0.0
1385303075891564200,808,1385303075891564200,,32,0.0
1385303075984989702,809,1385303075984989702,,32,0.0
1385303076084843663,810,1385303076084843663,,32,0.0
1385303076198996797,811,1385303076198996797,,32,0.0
1385303076301848255,812,1385303076301848255,,33,0.0
1385303076401081528,813,1385303076401081528,,33,0.0
1385303076478929181,814,1385303076478929181,,33,0.0
1385303076584824791,815,1385303076584824791,,33,0.0
1385303076685994575,816,1385303076685994575,,33,0.0
1385303076833451250,817,1385303076833451250,,89,0.0
1385303076884780339,818,1385303076884780339,,89,0.0
1385303076984998528,819,1385303076984998528,,89,0.0
1385303077091367911,820,1385303077091367911,,34,0.0
1385303077217935721,821,1385303077217935721,,34,0.0
1385303077346808766,822,1385303077346808766,,34,0.0
1385303077652594599,823,1385303077652594599,,34,0.0
1385303077770654628,824,1385303077770654628,,34,0.0
1385303077844397750,825,1385303077844397750,,34,0.0
1385303077902813958,826,1385303077902813958,,34,0.0
1385303077979293730,827,1385303077979293730,,34,0.0
1385303078014103925,828,1385303078014103925,,34,0.0
1385303078106808709,829,1385303078106808709,,34,0.0
1385303078233781234,830,1385303078233781234,,34,0.0
1385303078293007813,831,1385303078293007813,,34,0.0
1385303078421270843,832,1385303078421270843,,34,0.0
1385303078517759572,833,1385303078517759572,,34,0.0
1385303078609161981,834,1385303078609161981,,34,0.0
1385303078702309488,835,1385303078702309488,,34,0.0
1385303078799982913,836,1385303078799982913,,34,0.0
1385303078910599985,837,1385303078910599985,,34,0.0
1385303078998617276,838,1385303078998617276,,34,0.0
1385303079099348312,839,1385303079099348312,,34,0.0
1385303079204968216,840,1385303079204968216,,34,0.0
1385303079409427286,841,1385303079409427286,,34,0.0
1385303079463313987,842,1385303079463313987,,34,0.0
1385303079509362672,843,1385303079509362672,,34,0.0
1385303079659371821,844,1385303079659371821,,34,0.0
1385303079708454537,845,1385303079708454537,,34,0.0
1385303079804180868,846,1385303079804180868,,34,0.0
1385303079962786409,847,1385303079962786409,,34,0.0
1385303080013760012,848,1385303080013760012,,34,0.0
1385303080185590119,849,1385303080185590119,,34,0.0
1385303080219908120,850,1385303080219908120,,34,0.0
1385303080317368638,851,1385303080317368638,,34,0.0
1385303080463027588,852,1385303080463027588,,34,0.0
1385303080512605035,853,1385303080512605035,,35,0.0
1385303080710706200,854,1385303080710706200,,35,0.0
1385303080821430442,855,1385303080821430442,,34,0.0
1385303080882140831,856,1385303080882140831,,35,0.0
1385303080978079961,857,1385303080978079961,,35,0.0
1385303081022572465,858,1385303081022572465,,35,0.0
1385303081112804494,859,1385303081112804494,,35,0.0
1385303081346482255,860,1385303081346482255,,35,0.0
1385303081396727245,861,1385303081396727245,,35,0.0
1385303081502429875,862,1385303081502429875,,34,0.0
1385303081551022075,863,1385303081551022075,,35,0.0
1385303081626575066,864,1385303081626575066,,35,0.0
1385303081761483682,865,1385303081761483682,,35,0.0
1385303081821955013,866,1385303081821955013,,35,0.0
1385303082023814443,867,1385303082023814443,,35,0.0
1385303082044535687,868,1385303082044535687,,35,0.0
1385303082131104479,869,1385303082131104479,,35,0.0
1385303082345558656,870,1385303082345558656,,35,0.0
1385303082364263218,871,1385303082364263218,,35,0.0
1385303082422462088,872,1385303082422462088,,35,0.0
1385303082655365396,873,1385303082655365396,,35,0.0
1385303082675753376,874,1385303082675753376,,35,0.0
1385303082749346805,875,1385303082749346805,,35,0.0
1385303082842929054,876,1385303082842929054,,35,0.0
1385303082932900132,877,1385303082932900132,,35,0.0
1385303083046932919,878,1385303083046932919,,35,0.0
1385303083138072428,879,1385303083138072428,,35,0.0
1385303083248722967,880,1385303083248722967,,35,0.0
1385303083336136160,881,1385303083336136160,,35,0.0
1385303083446421587,882,1385303083446421587,,35,0.0
1385303083544948918,883,1385303083544948918,,35,0.0
1385303083646310056,884,1385303083646310056,,35,0.0
1385303083751850491,885,1385303083751850491,,35,0.0
1385303083854131354,886,1385303083854131354,,35,0.0
1385303084032157583,887,1385303084032157583,,35,0.0
1385303084259933952,888,1385303084259933952,,35,0.0
1385303084317683792,889,1385303084317683792,,35,0.0
1385303084399829071,890,1385303084399829071,,36,0.0
1385303084463074994,891,1385303084463074994,,36,0.0
1385303084495104025,892,1385303084495104025,,36,0.0
1385303084602410302,893,1385303084602410302,,38,0.0
1385303084707659221,894,1385303084707659221,,38,0.0
1385303084824780568,895,1385303084824780568,,39,0.0
1385303084910404912,896,1385303084910404912,,39,0.0
1385303085019486029,897,1385303085019486029,,136,0.0
1385303085335190311,898,1385303085335190311,,136,0.0
1385303085389816104,899,1385303085389816104,,137,0.0
1385303085447868210,900,1385303085447868210,,138,0.0
1385303085549176177,901,1385303085549176177,,138,0.0
1385303085612246298,902,1385303085612246298,,139,0.0
1385303085767779549,903,1385303085767779549,,139,0.0
1385303085817225054,904,1385303085817225054,,139,0.0
1385303085853258494,905,1385303085853258494,,140,0.0
1385303085996247579,906,1385303085996247579,,140,0.0
1385303086057195452,907,1385303086057195452,,140,0.0
1385303086164808076,908,1385303086164808076,,141,0.0
1385303086259663089,909,1385303086259663089,,141,0.0
1385303086363051581,910,1385303086363051581,,142,0.0
1385303086468199491,911,1385303086468199491,,142,0.0
1385303086568073138,912,1385303086568073138,,142,0.0
1385303086675193764,913,1385303086675193764,,143,0.0
1385303086784283070,914,1385303086784283070,,143,0.0
1385303086860246011,915,1385303086860246011,,143,0.0
1385303086989967419,916,1385303086989967419,,143,0.0
1385303087095072190,917,1385303087095072190,,50,0.0
1385303087253364720,918,1385303087253364720,,50,0.0
1385303087384477023,919,1385303087384477023,,50,0.0
1385303087464615853,920,1385303087464615853,,50,0.0
1385303087496157858,921,1385303087496157858,,50,0.0
1385303087576769496,922,1385303087576769496,,50,0.0
1385303087668472124,923,1385303087668472124,,50,0.0
1385303087763516539,924,1385303087763516539,,51,0.0
1385303087871571981,925,1385303087871571981,,51,0.0
1385303087983883274,926,1385303087983883274,,51,0.0
1385303088194190232,927,1385303088194190232,,51,0.0
1385303088217881389,928,1385303088217881389,,53,0.0
1385303088293635225,929,1385303088293635225,,53,0.0
1385303088377173066,930,1385303088377173066,,53,0.0
1385303088483697463,931,1385303088483697463,,53,0.0
1385303088583897281,932,1385303088583897281,,53,0.0
1385303088690895789,933,1385303088690895789,,53,0.0
1385303088790905670,934,1385303088790905670,,54,0.0
1385303088939392967,935,1385303088939392967,,54,0.0
1385303089039282261,936,1385303089039282261,,54,0.0
1385303089083369096,937,1385303089083369096,,55,0.0
1385303089186554970,938,1385303089186554970,,55,0.0
1385303089288907819,939,1385303089288907819,,55,0.0
1385303089393885436,940,1385303089393885436,,56,0.0
1385303089494074469,941,1385303089494074469,,56,0.0
1385303089616886251,942,1385303089616886251,,56,0.0
1385303089683019581,943,1385303089683019581,,56,0.0
1385303089794310025,944,1385303089794310025,,144,0.0
1385303089922427066,945,1385303089922427066,,144,0.0
1385303090000816913,946,1385303090000816913,,144,0.0
1385303090107446969,947,1385303090107446969,,144,0.0
1385303090222782624,948,1385303090222782624,,144,0.0
1385303090309094864,949,1385303090309094864,,144,0.0
1385303090419149617,950,1385303090419149617,,144,0.0
1385303090513006803,951,1385303090513006803,,145,0.0
1385303090644403618,952,1385303090644403618,,145,0.0
1385303090707465620,953,1385303090707465620,,146,0.0
1385303090809259202,954,1385303090809259202,,146,0.0
1385303090903298756,955,1385303090903298756,,146,0.0
1385303091015612299,956,1385303091015612299,,146,0.0
1385303091238165167,957,1385303091238165167,,146,0.0
1385303091347527993,958,1385303091347527993,,147,0.0
1385303091383919671,959,1385303091383919671,,147,0.0
1385303091552090063,960,1385303091552090063,,148,0.0
1385303091600899875,961,1385303091600899875,,149,0.0
1385303091752599974,962,1385303091752599974,,150,0.0
1385303091803487646,963,1385303091803487646,,151,0.0
1385303091978862411,964,1385303091978862411,,152,0.0
1385303092036997814,965,1385303092036997814,,152,0.0
1385303092165876542,966,1385303092165876542,,153,0.0
1385303092281173137,967,1385303092281173137,,153,0.0
1385303092316245025,968,1385303092316245025,,154,0.0
1385303092470144002,969,1385303092470144002,,154,0.0
1385303092522712733,970,1385303092522712733,,154,0.0
1385303092606730779,971,1385303092606730779,,154,0.0
1385303092712273296,972,1385303092712273296,,155,0.0
1385303092789946554,973,1385303092789946554,,155,0.0
1385303092882224508,974,1385303092882224508,,155,0.0
1385303092973541258,975,1385303092973541258,,156,0.0
1385303093176889861,976,1385303093176889861,,156,0.0
1385303093226641766,977,1385303093226641766,,157,0.0
1385303093391699167,978,1385303093391699167,,157,0.0
1385303093525692985,979,1385303093525692985,,157,0.0
1385303093583150430,980,1385303093583150430,,157,0.0
1385303093625629877,981,1385303093625629877,,157,0.0
1385303093808695316,982,1385303093808695316,,157,0.0
1385303093961397211,983,1385303093961397211,,158,0.0
1385303094015776938,984,1385303094015776938,,159,0.0
1385303094161900445,985,1385303094161900445,,160,0.0
1385303094228376920,986,1385303094228376920,,160,0.0
1385303094360188526,987,1385303094360188526,,160,0.0
1385303094444869307,988,1385303094444869307,,160,0.0
1385303094580461334,989,1385303094580461334,,160,0.0
1385303094632875442,990,1385303094632875442,,161,0.0
1385303094799937959,991,1385303094799937959,,161,0.0
1385303094848721137,992,1385303094848721137,,162,0.0
1385303095016911690,993,1385303095016911690,,162,0.0
1385303095060663716,994,1385303095060663716,,163,0.0
1385303095259501050,995,1385303095259501050,,163,0.0
1385303095290678037,996,1385303095290678037,,164,0.0
1385303095421550294,997,1385303095421550294,,164,0.0
1385303095484839226,998,1385303095484839226,,165,0.0
1385303095636022080,999,1385303095636022080,,165,0.0
1385303095670036171,1000,1385303095670036171,,166,0.0
1385303095702791090,1001,1385303095702791090,,166,0.0
1385303095868644851,1002,1385303095868644851,,167,0.0
1385303095898385000,1003,1385303095898385000,,167,0.0
1385303096058655134,1004,1385303096058655134,,167,0.0
1385303096192958446,1005,1385303096192958446,,167,0.0
1385303096244514716,1006,1385303096244514716,,167,0.0
1385303096354838570,1007,1385303096354838570,,168,0.0
1385303096405603217,1008,1385303096405603217,,168,0.0
1385303096522754054,1009,1385303096522754054,,169,0.0
1385303096608497309,1010,1385303096608497309,,169,0.0
1385303096712607501,1011,1385303096712607501,,169,0.0
1385303096811198322,1012,1385303096811198322,,169,0.0
1385303096910835010,1013,1385303096910835010,,169,0.0
1385303097022352396,1014,1385303097022352396,,170,0.0
1385303097117161069,1015,1385303097117161069,,170,0.0
1385303097210444433,1016,1385303097210444433,,170,0.0
1385303097326880006,1017,1385303097326880006,,170,0.0
1385303097424016585,1018,1385303097424016585,,170,0.0
1385303097510439611,1019,1385303097510439611,,170,0.0
1385303097619424397,1020,1385303097619424397,,170,0.0
1385303097721153885,1021,1385303097721153885,,170,0.0
1385303097843401638,1022,1385303097843401638,,170,0.0
1385303097906177878,1023,1385303097906177878,,170,0.0
1385303098015085599,1024,1385303098015085599,,170,0.0
1385303098275801922,1025,1385303098275801922,,171,0.0
1385303098391957132,1026,1385303098391957132,,171,0.0
1385303098554284631,1027,1385303098554284631,,171,0.0
1385303098589306519,1028,1385303098589306519,,171,0.0
1385303098639833666,1029,1385303098639833666,,171,0.0
1385303098688260778,1030,1385303098688260778,,172,0.0
1385303098764936079,1031,1385303098764936079,,172,0.0
1385303098868365667,1032,1385303098868365667,,172,0.0
1385303098953187178,1033,1385303098953187178,,172,0.0
1385303099202702830,1034,1385303099202702830,,173,0.0
1385303099385220208,1035,1385303099385220208,,173,0.0
1385303099453991277,1036,1385303099453991277,,173,0.0
1385303099514740030,1037,1385303099514740030,,174,0.0
1385303099552654351,1038,1385303099552654351,,174,0.0
1385303099655114180,1039,1385303099655114180,,174,0.0
1385303099751708097,1040,1385303099751708097,,174,0.0
1385303099855205543,1041,1385303099855205543,,175,0.0
1385303099972535123,1042,1385303099972535123,,175,0.0
1385303100065456275,1043,1385303100065456275,,176,0.0
1385303100149546306,1044,1385303100149546306,,176,0.0
1385303100263982698,1045,1385303100263982698,,176,0.0
1385303100373663118,1046,1385303100373663118,,0,0.0
1385303100506029640,1047,1385303100506029640,,0,0.0
1385303100564712239,1048,1385303100564712239,,0,0.0
1385303100660741129,1049,1385303100660741129,,0,0.0
1385303100765978804,1050,1385303100765978804,,0,0.0
1385303100864721779,1051,1385303100864721779,,0,0.0
1385303100962036545,1052,1385303100962036545,,0,0.0
1385303101068477193,1053,1385303101068477193,,0,0.0
1385303101160266480,1054,1385303101160266480,,114,0.0
1385303101262911200,1055,1385303101262911200,,114,0.0
1385303101371992308,1056,1385303101371992308,,114,0.0
1385303101478920281,1057,1385303101478920281,,114,0.0
1385303101584189802,1058,1385303101584189802,,114,0.0
1385303101685653950,1059,1385303101685653950,,114,0.0
1385303101814371367,1060,1385303101814371367,,114,0.0
1385303101868927328,1061,1385303101868927328,,177,0.0
1385303101974765073,1062,1385303101974765073,,177,0.0
1385303102080996825,1063,1385303102080996825,,177,0.0
1385303102173791716,1064,1385303102173791716,,177,0.0
1385303102279905342,1065,1385303102279905342,,177,0.0
1385303102399251867,1066,1385303102399251867,,177,0.0
1385303102490988697,1067,1385303102490988697,,177,0.0
1385303102589235516,1068,1385303102589235516,,177,0.0
1385303102690323176,1069,1385303102690323176,,35,0.0
1385303102778296726,1070,1385303102778296726,,35,0.0
1385303102915942737,1071,1385303102915942737,,35,0.0
1385303102982425709,1072,1385303102982425709,,35,0.0
1385303103116212137,1073,1385303103116212137,,35,0.0
1385303103177577350,1074,1385303103177577350,,36,0.0
1385303103301160456,1075,1385303103301160456,,36,0.0
1385303103399445856,1076,1385303103399445856,,38,0.0
1385303103476351353,1077,1385303103476351353,,38,0.0
1385303103587842702,1078,1385303103587842702,,136,0.0
1385303103668891484,1079,1385303103668891484,,136,0.0
1385303103805960878,1080,1385303103805960878,,137,0.0
1385303103905448786,1081,1385303103905448786,,138,0.0
1385303103976771773,1082,1385303103976771773,,138,0.0
1385303104080929302,1083,1385303104080929302,,139,0.0
1385303104183640763,1084,1385303104183640763,,140,0.0
1385303104292721532,1085,1385303104292721532,,178,0.0
1385303104512071985,1086,1385303104512071985,,178,0.0
1385303104643435857,1087,1385303104643435857,,142,0.0
1385303104700786458,1088,1385303104700786458,,142,0.0
1385303104779533020,1089,1385303104779533020,,143,0.0
1385303104891604541,1090,1385303104891604541,,143,0.0
1385303105396955665,1091,1385303105396955665,,143,0.0
1385303105612172740,1092,1385303105612172740,,50,0.0
1385303105663159177,1093,1385303105663159177,,50,0.0
1385303105707166450,1094,1385303105707166450,,51,0.0
1385303105804081423,1095,1385303105804081423,,51,0.0
1385303105897698686,1096,1385303105897698686,,51,0.0
1385303106002283433,1097,1385303106002283433,,51,0.0
1385303106110818057,1098,1385303106110818057,,51,0.0
1385303106216236669,1099,1385303106216236669,,179,0.0
1385303106324758606,1100,1385303106324758606,,179,0.0
1385303106483526076,1101,1385303106483526076,,53,0.0
1385303106530374370,1102,1385303106530374370,,53,0.0
1385303106643281898,1103,1385303106643281898,,54,0.0
1385303106708248255,1104,1385303106708248255,,54,0.0
1385303106865704520,1105,1385303106865704520,,54,0.0
1385303106982006878,1106,1385303106982006878,,54,0.0
1385303107126863517,1107,1385303107126863517,,54,0.0
1385303107160996228,1108,1385303107160996228,,55,0.0
1385303107309922965,1109,1385303107309922965,,55,0.0
1385303107630648325,1110,1385303107630648325,,55,0.0
1385303107845808520,1111,1385303107845808520,,55,0.0
1385303108026071716,1112,1385303108026071716,,54,0.0
1385303108069772415,1113,1385303108069772415,,54,0.0
1385303108237207098,1114,1385303108237207098,,54,0.0
1385303108267975756,1115,1385303108267975756,,54,0.0
1385303108329925210,1116,1385303108329925210,,55,0.0
1385303108382155869,1117,1385303108382155869,,55,0.0
1385303108522424942,1118,1385303108522424942,,55,0.0
1385303108600314717,1119,1385303108600314717,,55,0.0
1385303108696823800,1120,1385303108696823800,,56,0.0
1385303108779209378,1121,1385303108779209378,,60,0.0
1385303108854686303,1122,1385303108854686303,,60,0.0
1385303108972891603,1123,1385303108972891603,,60,0.0
1385303109060554786,1124,1385303109060554786,,60,0.0
1385303109181862407,1125,1385303109181862407,,60,0.0
1385303109268274316,1126,1385303109268274316,,60,0.0
1385303109365578178,1127,1385303109365578178,,60,0.0
1385303109468535539,1128,1385303109468535539,,60,0.0
1385303109575044838,1129,1385303109575044838,,60,0.0
1385303109655340587,1130,1385303109655340587,,60,0.0
1385303109754149402,1131,1385303109754149402,,60,0.0
1385303109861571270,1132,1385303109861571270,,60,0.0
1385303109969531760,1133,1385303109969531760,,60,0.0
1385303110071326473,1134,1385303110071326473,,60,0.0
1385303110173820642,1135,1385303110173820642,,60,0.0
1385303110340917526,1136,1385303110340917526,,61,0.0
1385303110600370287,1137,1385303110600370287,,61,0.0
1385303110693840427,1138,1385303110693840427,,61,0.0
1385303110731212932,1139,1385303110731212932,,61,0.0
1385303110824784304,1140,1385303110824784304,,61,0.0
1385303110872585738,1141,1385303110872585738,,61,0.0
1385303110944460594,1142,1385303110944460594,,61,0.0
1385303111018524242,1143,1385303111018524242,,61,0.0
1385303111086914305,1144,1385303111086914305,,61,0.0
1385303111220929852,1145,1385303111220929852,,61,0.0
1385303111318246079,1146,1385303111318246079,,61,0.0
1385303111384919792,1147,1385303111384919792,,61,0.0
1385303111486698259,1148,1385303111486698259,,61,0.0
1385303111591220042,1149,1385303111591220042,,61,0.0
1385303111688823124,1150,1385303111688823124,,61,0.0
1385303111793144884,1151,1385303111793144884,,62,0.0
1385303111921284835,1152,1385303111921284835,,61,0.0
1385303111985599491,1153,1385303111985599491,,61,0.0
1385303112110362487,1154,1385303112110362487,,61,0.0
1385303112263905064,1155,1385303112263905064,,62,0.0
1385303112447921964,1156,1385303112447921964,,61,0.0
1385303112529438018,1157,1385303112529438018,,61,0.0
1385303112585757315,1158,1385303112585757315,,62,0.0
1385303112629672716,1159,1385303112629672716,,62,0.0
1385303112681631647,1160,1385303112681631647,,63,0.0
1385303112830353629,1161,1385303112830353629,,63,0.0
1385303112884845669,1162,1385303112884845669,,63,0.0
1385303113012929012,1163,1385303113012929012,,64,0.0
1385303113116926767,1164,1385303113116926767,,64,0.0
1385303113184572303,1165,1385303113184572303,,64,0.0
1385303113290112957,1166,1385303113290112957,,64,0.0
1385303113387449997,1167,1385303113387449997,,64,0.0
1385303113484652453,1168,1385303113484652453,,64,0.0
1385303113657153541,1169,1385303113657153541,,64,0.0
1385303113840242695,1170,1385303113840242695,,66,0.0
1385303113910241074,1171,1385303113910241074,,66,0.0
1385303114043460113,1172,1385303114043460113,,66,0.0
1385303114109433706,1173,1385303114109433706,,66,0.0
1385303114175736472,1174,1385303114175736472,,180,0.0
1385303114334695244,1175,1385303114334695244,,180,0.0
1385303114427897476,1176,1385303114427897476,,181,0.0
1385303114523015233,1177,1385303114523015233,,181,0.0
1385303114575169161,1178,1385303114575169161,,181,0.0
1385303114675289321,1179,1385303114675289321,,70,0.0
1385303114708323341,1180,1385303114708323341,,70,0.0
1385303114822190565,1181,1385303114822190565,,71,0.0
1385303114900928113,1182,1385303114900928113,,71,0.0
1385303115010745509,1183,1385303115010745509,,71,0.0
1385303115101404750,1184,1385303115101404750,,71,0.0
1385303115390102196,1185,1385303115390102196,,0,0.0
1385303115468288439,1186,1385303115468288439,,0,0.0
1385303115521561351,1187,1385303115521561351,,0,0.0
1385303115628134678,1188,1385303115628134678,,115,0.0
1385303115665089774,1189,1385303115665089774,,182,0.0
1385303115714894280,1190,1385303115714894280,,182,0.0
1385303115820280277,1191,1385303115820280277,,1,0.0
1385303115915771014,1192,1385303115915771014,,183,0.0
1385303116046411843,1193,1385303116046411843,,183,0.0
1385303116104907997,1194,1385303116104907997,,72,0.0
1385303116210967665,1195,1385303116210967665,,73,0.0
1385303116311637227,1196,1385303116311637227,,74,0.0
1385303116415437336,1197,1385303116415437336,,74,0.0
1385303116557161441,1198,1385303116557161441,,75,0.0
1385303116636158084,1199,1385303116636158084,,75,0.0
1385303116710649832,1200,1385303116710649832,,75,0.0
1385303116813490256,1201,1385303116813490256,,75,0.0
1385303116921501364,1202,1385303116921501364,,75,0.0
1385303117021943389,1203,1385303117021943389,,75,0.0
1385303117121693530,1204,1385303117121693530,,184,0.0
1385303117233778710,1205,1385303117233778710,,184,0.0
1385303117344233677,1206,1385303117344233677,,184,0.0
1385303117461644249,1207,1385303117461644249,,185,0.0
1385303117519658902,1208,1385303117519658902,,185,0.0
1385303117627811558,1209,1385303117627811558,,186,0.0
1385303117725648170,1210,1385303117725648170,,186,0.0
1385303117843719667,1211,1385303117843719667,,8,0.0
1385303117937461285,1212,1385303117937461285,,8,0.0
1385303118061991027,1213,1385303118061991027,,8,0.0
1385303118153403392,1214,1385303118153403392,,9,0.0
1385303118272569928,1215,1385303118272569928,,10,0.0
1385303118330368438,1216,1385303118330368438,,10,0.0
1385303118455746583,1217,1385303118455746583,,10,0.0
1385303118565488760,1218,1385303118565488760,,10,0.0
1385303118687878821,1219,1385303118687878821,,11,0.0
1385303118723706951,1220,1385303118723706951,,11,0.0
1385303118817617846,1221,1385303118817617846,,11,0.0
1385303119033024917,1222,1385303119033024917,,187,0.0
1385303119153468935,1223,1385303119153468935,,187,0.0
1385303119197814059,1224,1385303119197814059,,188,0.0
1385303119250283159,1225,1385303119250283159,,188,0.0
1385303119386430188,1226,1385303119386430188,,189,0.0
1385303119497430107,1227,1385303119497430107,,189,0.0
1385303119608531597,1228,1385303119608531597,,190,0.0
1385303119712948400,1229,1385303119712948400,,190,0.0
1385303119753294656,1230,1385303119753294656,,191,0.0
1385303119846041308,1231,1385303119846041308,,191,0.0
1385303119945976743,1232,1385303119945976743,,192,0.0
1385303120066042542,1233,1385303120066042542,,192,0.0
1385303120158080435,1234,1385303120158080435,,193,0.0
1385303120256506886,1235,1385303120256506886,,193,0.0
1385303120347916699,1236,1385303120347916699,,193,0.0
1385303120451391633,1237,1385303120451391633,,194,0.0
1385303120548489926,1238,1385303120548489926,,194,0.0
1385303120656047892,1239,1385303120656047892,,194,0.0
1385303120762974878,1240,1385303120762974878,,195,0.0
1385303120872034268,1241,1385303120872034268,,195,0.0
1385303120972733077,1242,1385303120972733077,,196,0.0
1385303121070319388,1243,1385303121070319388,,196,0.0
1385303121175749372,1244,1385303121175749372,,197,0.0
1385303121275857317,1245,1385303121275857317,,197,0.0
1385303121376757173,1246,1385303121376757173,,198,0.0
1385303121495070404,1247,1385303121495070404,,198,0.0
1385303121592817390,1248,1385303121592817390,,198,0.0
1385303121773999112,1249,1385303121773999112,,198,0.0
1385303121823857475,1250,1385303121823857475,,198,0.0
1385303121910158957,1251,1385303121910158957,,198,0.0
1385303121970049587,1252,1385303121970049587,,199,0.0
1385303122071023960,1253,1385303122071023960,,200,0.0
1385303122174454180,1254,1385303122174454180,,200,0.0
1385303122279773964,1255,1385303122279773964,,201,0.0
1385303122377868312,1256,1385303122377868312,,201,0.0
1385303122465349024,1257,1385303122465349024,,202,0.0
1385303122616669757,1258,1385303122616669757,,202,0.0
1385303122707458386,1259,1385303122707458386,,203,0.0
1385303122789400795,1260,1385303122789400795,,203,0.0
1385303122874541453,1261,1385303122874541453,,203,0.0
1385303122961033365,1262,1385303122961033365,,204,0.0
1385303123068803481,1263,1385303123068803481,,204,0.0
1385303123169758732,1264,1385303123169758732,,204,0.0
1385303123284200501,1265,1385303123284200501,,34,0.0
1385303123404391013,1266,1385303123404391013,,34,0.0
1385303123475725523,1267,1385303123475725523,,14,0.0
1385303123583017913,1268,1385303123583017913,,14,0.0
1385303123683989117,1269,1385303123683989117,,205,0.0
1385303123788571763,1270,1385303123788571763,,205,0.0
1385303123984059842,1271,1385303123984059842,,205,0.0
1385303124111955131,1272,1385303124111955131,,205,0.0
1385303124159812352,1273,1385303124159812352,,206,0.0
1385303124191000876,1274,1385303124191000876,,206,0.0
1385303124287678561,1275,1385303124287678561,,206,0.0
1385303124367761128,1276,1385303124367761128,,206,0.0
1385303124486118629,1277,1385303124486118629,,207,0.0
1385303124579591984,1278,1385303124579591984,,207,0.0
1385303124675365610,1279,1385303124675365610,,208,0.0
1385303124795711318,1280,1385303124795711318,,208,0.0
1385303124892971076,1281,1385303124892971076,,209,0.0
1385303124988377351,1282,1385303124988377351,,209,0.0
1385303125083061886,1283,1385303125083061886,,210,0.0
1385303125204664427,1284,1385303125204664427,,210,0.0
1385303125301383465,1285,1385303125301383465,,211,0.0
1385303125392578376,1286,1385303125392578376,,211,0.0
1385303125522504778,1287,1385303125522504778,,212,0.0
1385303125612446690,1288,1385303125612446690,,212,0.0
1385303125715416759,1289,1385303125715416759,,212,0.0
1385303125791302239,1290,1385303125791302239,,213,0.0
1385303125880177721,1291,1385303125880177721,,213,0.0
1385303125984864911,1292,1385303125984864911,,213,0.0
1385303126085513786,1293,1385303126085513786,,214,0.0
1385303126191271527,1294,1385303126191271527,,214,0.0
1385303126490301637,1295,1385303126490301637,,214,0.0
1385303126530033104,1296,1385303126530033104,,215,0.0
1385303126579909168,1297,1385303126579909168,,215,0.0
1385303126668330978,1298,1385303126668330978,,215,0.0
1385303126764627541,1299,1385303126764627541,,215,0.0
1385303126816096477,1300,1385303126816096477,,215,0.0
1385303126898124868,1301,1385303126898124868,,177,0.0
1385303127013774464,1302,1385303127013774464,,177,0.0
1385303127111038899,1303,1385303127111038899,,132,0.0
1385303127211585116,1304,1385303127211585116,,132,0.0
1385303127376920138,1305,1385303127376920138,,132,0.0
1385303127432779824,1306,1385303127432779824,,132,0.0
1385303127516721335,1307,1385303127516721335,,132,0.0
1385303127639455240,1308,1385303127639455240,,216,0.0
1385303127909882560,1309,1385303127909882560,,216,0.0
1385303127972936968,1310,1385303127972936968,,216,0.0
1385303128027714439,1311,1385303128027714439,,217,0.0
1385303128067629837,1312,1385303128067629837,,217,0.0
1385303128159871852,1313,1385303128159871852,,217,0.0
1385303128252916602,1314,1385303128252916602,,218,0.0
1385303128308812690,1315,1385303128308812690,,218,0.0
1385303128555555845,1316,1385303128555555845,,218,0.0
1385303128589576979,1317,1385303128589576979,,0,0.0
1385303128631678122,1318,1385303128631678122,,0,0.0
1385303128713531922,1319,1385303128713531922,,0,0.0
1385303128798456677,1320,1385303128798456677,,0,0.0
1385303128901927553,1321,1385303128901927553,,0,0.0
1385303129004293543,1322,1385303129004293543,,61,0.0
1385303129109412040,1323,1385303129109412040,,0,0.0
1385303129262399726,1324,1385303129262399726,,61,0.0
1385303129420100892,1325,1385303129420100892,,62,0.0
1385303129452772803,1326,1385303129452772803,,62,0.0
1385303129522087490,1327,1385303129522087490,,62,0.0
1385303129600817082,1328,1385303129600817082,,63,0.0
1385303129710596260,1329,1385303129710596260,,62,0.0
1385303129810163562,1330,1385303129810163562,,63,0.0
1385303129914925998,1331,1385303129914925998,,63,0.0
1385303130026950456,1332,1385303130026950456,,63,0.0
1385303130115011418,1333,1385303130115011418,,63,0.0
1385303130208660104,1334,1385303130208660104,,64,0.0
1385303130314308317,1335,1385303130314308317,,64,0.0
1385303130413739267,1336,1385303130413739267,,66,0.0
1385303130523229020,1337,1385303130523229020,,66,0.0
1385303130629356903,1338,1385303130629356903,,66,0.0
1385303130734084668,1339,1385303130734084668,,180,0.0
1385303130873111834,1340,1385303130873111834,,180,0.0
1385303130963798317,1341,1385303130963798317,,181,0.0
1385303131028903124,1342,1385303131028903124,,181,0.0
1385303131133816884,1343,1385303131133816884,,181,0.0
1385303131228667060,1344,1385303131228667060,,70,0.0
1385303131345873917,1345,1385303131345873917,,71,0.0
1385303131408244606,1346,1385303131408244606,,71,0.0
1385303131515530677,1347,1385303131515530677,,0,0.0
1385303131641079629,1348,1385303131641079629,,0,0.0
1385303131714560255,1349,1385303131714560255,,182,0.0
1385303131819898214,1350,1385303131819898214,,182,0.0
1385303131924680875,1351,1385303131924680875,,182,0.0
1385303132061745162,1352,1385303132061745162,,183,0.0
1385303132168953193,1353,1385303132168953193,,183,0.0
1385303132234351955,1354,1385303132234351955,,183,0.0
1385303132341232156,1355,1385303132341232156,,219,0.0
1385303132519054011,1356,1385303132519054011,,219,0.0
1385303132554703348,1357,1385303132554703348,,219,0.0
1385303132743619713,1358,1385303132743619713,,219,0.0
1385303132773841600,1359,1385303132773841600,,219,0.0
1385303132826239979,1360,1385303132826239979,,73,0.0
1385303132942506714,1361,1385303132942506714,,220,0.0
1385303133026634132,1362,1385303133026634132,,220,0.0
1385303133129123754,1363,1385303133129123754,,220,0.0
1385303133233800029,1364,1385303133233800029,,74,0.0
1385303133339798449,1365,1385303133339798449,,74,0.0
1385303133434033380,1366,1385303133434033380,,74,0.0
1385303133548089269,1367,1385303133548089269,,75,0.0
1385303133631549222,1368,1385303133631549222,,75,0.0
1385303133730317385,1369,1385303133730317385,,75,0.0
1385303133839160464,1370,1385303133839160464,,184,0.0
1385303133993755290,1371,1385303133993755290,,184,0.0
1385303134060439993,1372,1385303134060439993,,185,0.0
1385303134153963062,1373,1385303134153963062,,186,0.0
1385303134277745691,1374,1385303134277745691,,186,0.0
1385303134345239572,1375,1385303134345239572,,8,0.0
1385303134467082175,1376,1385303134467082175,,8,0.0
1385303134543204929,1377,1385303134543204929,,8,0.0
1385303134648309207,1378,1385303134648309207,,8,0.0
1385303134751012571,1379,1385303134751012571,,9,0.0
1385303134850490938,1380,1385303134850490938,,10,0.0
1385303134954504870,1381,1385303134954504870,,10,0.0
1385303135069831934,1382,1385303135069831934,,10,0.0
1385303135175676223,1383,1385303135175676223,,10,0.0
1385303135262019457,1384,1385303135262019457,,10,0.0
1385303135388773435,1385,1385303135388773435,,10,0.0
1385303135462342626,1386,1385303135462342626,,10,0.0
1385303135582381050,1387,1385303135582381050,,10,0.0
1385303135657607173,1388,1385303135657607173,,221,0.0
1385303135770406119,1389,1385303135770406119,,221,0.0
1385303135850593539,1390,1385303135850593539,,221,0.0
1385303135951970086,1391,1385303135951970086,,221,0.0
1385303136067508327,1392,1385303136067508327,,221,0.0
1385303136205688147,1393,1385303136205688147,,12,0.0
1385303136299488635,1394,1385303136299488635,,12,0.0
1385303136376092393,1395,1385303136376092393,,12,0.0
1385303136458419993,1396,1385303136458419993,,11,0.0
1385303136720002279,1397,1385303136720002279,,11,0.0
1385303136753276498,1398,1385303136753276498,,76,0.0
1385303136905049343,1399,1385303136905049343,,76,0.0
1385303136933112831,1400,1385303136933112831,,76,0.0
1385303136981239533,1401,1385303136981239533,,76,0.0
1385303137119700424,1402,1385303137119700424,,76,0.0
1385303137225253973,1403,1385303137225253973,,76,0.0
1385303137361955092,1404,1385303137361955092,,76,0.0
1385303137506497255,1405,1385303137506497255,,13,0.0
1385303137595293839,1406,1385303137595293839,,13,0.0
1385303137647473487,1407,1385303137647473487,,14,0.0
1385303137727792892,1408,1385303137727792892,,14,0.0
1385303137931527198,1409,1385303137931527198,,14,0.0
1385303137963157215,1410,1385303137963157215,,14,0.0
1385303138036988502,1411,1385303138036988502,,14,0.0
1385303138144783756,1412,1385303138144783756,,14,0.0
1385303138248026538,1413,1385303138248026538,,12,0.0
1385303138332108539,1414,1385303138332108539,,13,0.0
1385303138518890731,1415,1385303138518890731,,77,0.0
1385303138565570271,1416,1385303138565570271,,77,0.0
1385303138634121482,1417,1385303138634121482,,77,0.0
1385303138751340624,1418,1385303138751340624,,77,0.0
1385303138894294716,1419,1385303138894294716,,77,0.0
1385303138983204557,1420,1385303138983204557,,13,0.0
1385303139080643015,1421,1385303139080643015,,79,0.0
1385303139180778470,1422,1385303139180778470,,79,0.0
1385303139261831481,1423,1385303139261831481,,15,0.0
1385303139348765275,1424,1385303139348765275,,15,0.0
1385303139452111973,1425,1385303139452111973,,15,0.0
1385303139544977652,1426,1385303139544977652,,15,0.0
1385303139643313115,1427,1385303139643313115,,15,0.0
1385303139761119317,1428,1385303139761119317,,15,0.0
1385303139845410812,1429,1385303139845410812,,15,0.0
1385303139942621713,1430,1385303139942621713,,15,0.0
1385303140044516194,1431,1385303140044516194,,15,0.0
1385303140151261099,1432,1385303140151261099,,15,0.0
1385303140252979262,1433,1385303140252979262,,15,0.0
1385303140362995860,1434,1385303140362995860,,15,0.0
1385303140448703470,1435,1385303140448703470,,79,0.0
1385303140562414436,1436,1385303140562414436,,79,0.0
1385303140637412385,1437,1385303140637412385,,79,0.0
1385303140782223569,1438,1385303140782223569,,222,0.0
1385303140877994262,1439,1385303140877994262,,222,0.0
1385303140966255346,1440,1385303140966255346,,222,0.0
1385303141060092398,1441,1385303141060092398,,222,0.0
1385303141154589254,1442,1385303141154589254,,222,0.0
1385303141253838700,1443,1385303141253838700,,222,0.0
1385303141351471859,1444,1385303141351471859,,223,0.0
1385303141454715930,1445,1385303141454715930,,223,0.0
1385303141581633616,1446,1385303141581633616,,223,0.0
1385303141662415703,1447,1385303141662415703,,223,0.0
1385303141780911051,1448,1385303141780911051,,19,0.0
1385303141921438121,1449,1385303141921438121,,19,0.0
1385303142020292488,1450,1385303142020292488,,19,0.0
1385303142102966718,1451,1385303142102966718,,19,0.0
1385303142182159416,1452,1385303142182159416,,19,0.0
1385303142253282732,1453,1385303142253282732,,19,0.0
1385303142357080663,1454,1385303142357080663,,84,0.0
1385303142455659359,1455,1385303142455659359,,84,0.0
1385303142565633391,1456,1385303142565633391,,84,0.0
1385303142726622189,1457,1385303142726622189,,85,0.0
1385303142774822170,1458,1385303142774822170,,85,0.0
1385303142874455127,1459,1385303142874455127,,85,0.0
1385303142978189205,1460,1385303142978189205,,85,0.0
1385303143088830407,1461,1385303143088830407,,224,0.0
1385303143248929255,1462,1385303143248929255,,224,0.0
1385303143286016845,1463,1385303143286016845,,224,0.0
1385303143384425511,1464,1385303143384425511,,86,0.0
1385303143485835966,1465,1385303143485835966,,225,0.0
1385303143577332511,1466,1385303143577332511,,225,0.0
1385303143683283976,1467,1385303143683283976,,135,0.0
1385303143783738274,1468,1385303143783738274,,135,0.0
1385303143881973439,1469,1385303143881973439,,226,0.0
1385303143970487911,1470,1385303143970487911,,226,0.0
1385303144099293091,1471,1385303144099293091,,88,0.0
1385303144185437199,1472,1385303144185437199,,88,0.0
1385303144309401620,1473,1385303144309401620,,26,0.0
1385303144386403887,1474,1385303144386403887,,27,0.0
1385303144485261478,1475,1385303144485261478,,27,0.0
1385303144570454552,1476,1385303144570454552,,28,0.0
1385303144669985359,1477,1385303144669985359,,28,0.0
1385303144774434678,1478,1385303144774434678,,28,0.0
1385303144874859617,1479,1385303144874859617,,28,0.0
1385303145014757187,1480,1385303145014757187,,28,0.0
1385303145159196323,1481,1385303145159196323,,28,0.0
1385303145234965945,1482,1385303145234965945,,29,0.0
1385303145374792435,1483,1385303145374792435,,29,0.0
1385303145425363088,1484,1385303145425363088,,29,0.0
1385303145477621671,1485,1385303145477621671,,29,0.0
1385303145573727039,1486,1385303145573727039,,29,0.0
1385303145686540547,1487,1385303145686540547,,30,0.0
1385303145810545061,1488,1385303145810545061,,30,0.0
1385303145892030598,1489,1385303145892030598,,31,0.0
1385303146065555123,1490,1385303146065555123,,31,0.0
1385303146121171154,1491,1385303146121171154,,31,0.0
1385303146227103938,1492,1385303146227103938,,31,0.0
1385303146309312051,1493,1385303146309312051,,31,0.0
1385303146435342084,1494,1385303146435342084,,32,0.0
1385303146620673163,1495,1385303146620673163,,32,0.0
1385303146690356550,1496,1385303146690356550,,32,0.0
1385303146731513033,1497,1385303146731513033,,32,0.0
1385303146805926748,1498,1385303146805926748,,32,0.0
1385303146923928913,1499,1385303146923928913,,33,0.0
1385303147019924086,1500,1385303147019924086,,33,0.0
1385303147102864565,1501,1385303147102864565,,33,0.0
1385303147226374187,1502,1385303147226374187,,89,0.0
1385303147334382038,1503,1385303147334382038,,90,0.0
1385303147408742934,1504,1385303147408742934,,90,0.0
1385303147509846033,1505,1385303147509846033,,91,0.0
1385303147604128563,1506,1385303147604128563,,91,0.0
1385303147731143056,1507,1385303147731143056,,92,0.0
1385303147827571993,1508,1385303147827571993,,92,0.0
1385303147904015224,1509,1385303147904015224,,92,0.0
1385303148016801415,1510,1385303148016801415,,92,0.0
1385303148117153916,1511,1385303148117153916,,93,0.0
1385303148260811108,1512,1385303148260811108,,227,0.0
1385303148339915861,1513,1385303148339915861,,227,0.0
1385303148408939291,1514,1385303148408939291,,228,0.0
1385303148500276264,1515,1385303148500276264,,228,0.0
1385303148603640449,1516,1385303148603640449,,229,0.0
1385303148736482306,1517,1385303148736482306,,229,0.0
1385303148883546279,1518,1385303148883546279,,98,0.0
1385303149032878578,1519,1385303149032878578,,99,0.0
1385303149146811091,1520,1385303149146811091,,99,0.0
1385303149220705022,1521,1385303149220705022,,100,0.0
1385303149263274583,1522,1385303149263274583,,100,0.0
1385303149344295596,1523,1385303149344295596,,101,0.0
1385303149505694537,1524,1385303149505694537,,101,0.0
1385303149625805714,1525,1385303149625805714,,230,0.0
1385303149709741122,1526,1385303149709741122,,230,0.0
1385303149795449443,1527,1385303149795449443,,231,0.0
1385303149900188532,1528,1385303149900188532,,231,0.0
1385303149987959100,1529,1385303149987959100,,232,0.0
1385303150117696307,1530,1385303150117696307,,232,0.0
1385303150250341770,1531,1385303150250341770,,233,0.0
1385303150323894940,1532,1385303150323894940,,233,0.0
1385303150413864232,1533,1385303150413864232,,234,0.0
1385303150506218148,1534,1385303150506218148,,234,0.0
1385303150567946443,1535,1385303150567946443,,235,0.0
1385303150714263640,1536,1385303150714263640,,235,0.0
1385303150768492979,1537,1385303150768492979,,236,0.0
1385303150882180861,1538,1385303150882180861,,236,0.0
1385303151033876340,1539,1385303151033876340,,236,0.0
1385303151066480077,1540,1385303151066480077,,236,0.0
1385303151170926265,1541,1385303151170926265,,236,0.0
1385303151268125498,1542,1385303151268125498,,237,0.0
1385303151382305052,1543,1385303151382305052,,237,0.0
1385303151549902704,1544,1385303151549902704,,237,0.0
1385303151591073030,1545,1385303151591073030,,237,0.0
1385303151735913182,1546,1385303151735913182,,236,0.0
1385303151792837911,1547,1385303151792837911,,236,0.0
1385303151882406193,1548,1385303151882406193,,238,0.0
1385303151987433467,1549,1385303151987433467,,238,0.0
1385303152087608851,1550,1385303152087608851,,239,0.0
1385303152191090042,1551,1385303152191090042,,239,0.0
1385303152364626280,1552,1385303152364626280,,240,0.0
1385303152410560257,1553,1385303152410560257,,240,0.0
1385303152529400238,1554,1385303152529400238,,241,0.0
1385303152641107094,1555,1385303152641107094,,241,0.0
1385303152692777679,1556,1385303152692777679,,242,0.0
1385303152792043349,1557,1385303152792043349,,242,0.0
1385303152880975382,1558,1385303152880975382,,243,0.0
1385303152980123395,1559,1385303152980123395,,243,0.0
1385303153107613837,1560,1385303153107613837,,244,0.0
1385303153199439032,1561,1385303153199439032,,244,0.0
1385303153296608731,1562,1385303153296608731,,244,0.0
1385303153424155410,1563,1385303153424155410,,244,0.0
1385303153498997468,1564,1385303153498997468,,244,0.0
1385303153597563229,1565,1385303153597563229,,244,0.0
1385303153701060893,1566,1385303153701060893,,244,0.0
1385303153832576492,1567,1385303153832576492,,245,0.0
1385303153920277291,1568,1385303153920277291,,245,0.0
1385303154042147113,1569,1385303154042147113,,245,0.0
1385303154127306358,1570,1385303154127306358,,245,0.0
1385303154336995915,1571,1385303154336995915,,245,0.0
1385303154406079163,1572,1385303154406079163,,245,0.0
1385303154452410752,1573,1385303154452410752,,245,0.0
1385303154509002664,1574,1385303154509002664,,245,0.0
1385303154625983180,1575,1385303154625983180,,245,0.0
1385303154763353071,1576,1385303154763353071,,246,0.0
1385303154816206990,1577,1385303154816206990,,246,0.0
1385303154922673898,1578,1385303154922673898,,246,0.0
1385303154994364923,1579,1385303154994364923,,246,0.0
1385303155108394622,1580,1385303155108394622,,246,0.0
1385303155209401302,1581,1385303155209401302,,246,0.0
1385303155365304892,1582,1385303155365304892,,246,0.0
1385303155491070747,1583,1385303155491070747,,246,0.0
1385303155544530152,1584,1385303155544530152,,246,0.0
1385303155606808813,1585,1385303155606808813,,246,0.0
1385303155705930869,1586,1385303155705930869,,246,0.0
1385303155823199996,1587,1385303155823199996,,246,0.0
1385303155939475209,1588,1385303155939475209,,247,0.0
1385303156019311090,1589,1385303156019311090,,247,0.0
1385303156119432173,1590,1385303156119432173,,247,0.0
1385303156223798662,1591,1385303156223798662,,247,0.0
1385303156311477807,1592,1385303156311477807,,247,0.0
1385303156416572256,1593,1385303156416572256,,247,0.0
1385303156545864204,1594,1385303156545864204,,247,0.0
1385303156629528527,1595,1385303156629528527,,247,0.0
1385303156722110998,1596,1385303156722110998,,247,0.0
1385303156797962267,1597,1385303156797962267,,132,0.0
1385303156928125866,1598,1385303156928125866,,132,0.0
1385303157046726502,1599,1385303157046726502,,132,0.0
1385303157102972897,1600,1385303157102972897,,132,0.0
1385303157207953114,1601,1385303157207953114,,132,0.0
1385303157314569382,1602,1385303157314569382,,177,0.0
1385303157410431324,1603,1385303157410431324,,132,0.0
1385303157572197929,1604,1385303157572197929,,132,0.0
1385303157613233886,1605,1385303157613233886,,216,0.0
1385303157770267838,1606,1385303157770267838,,216,0.0
1385303157834164528,1607,1385303157834164528,,216,0.0
1385303157941321683,1608,1385303157941321683,,216,0.0
1385303158023293583,1609,1385303158023293583,,217,0.0
1385303158125808961,1610,1385303158125808961,,217,0.0
1385303158217622663,1611,1385303158217622663,,217,0.0
1385303158315382633,1612,1385303158315382633,,218,0.0
1385303158419055594,1613,1385303158419055594,,218,0.0
1385303158516009156,1614,1385303158516009156,,218,0.0
1385303158618122562,1615,1385303158618122562,,0,0.0
1385303158727861661,1616,1385303158727861661,,0,0.0
1385303158815313092,1617,1385303158815313092,,0,0.0
1385303158908494737,1618,1385303158908494737,,0,0.0
1385303159034299797,1619,1385303159034299797,,0,0.0
1385303159114873969,1620,1385303159114873969,,1,0.0
1385303159214317074,1621,1385303159214317074,,63,0.0
1385303159326833739,1622,1385303159326833739,,63,0.0
1385303159419661828,1623,1385303159419661828,,63,0.0
1385303159550866480,1624,1385303159550866480,,64,0.0
1385303159622410370,1625,1385303159622410370,,64,0.0
1385303159720273510,1626,1385303159720273510,,66,0.0
1385303160006030018,1627,1385303160006030018,,66,0.0
1385303160045471434,1628,1385303160045471434,,180,0.0
1385303160116324053,1629,1385303160116324053,,180,0.0
1385303160170595388,1630,1385303160170595388,,180,0.0
1385303160251298347,1631,1385303160251298347,,181,0.0
1385303160334476814,1632,1385303160334476814,,181,0.0
1385303160424020927,1633,1385303160424020927,,181,0.0
1385303160589130694,1634,1385303160589130694,,70,0.0
1385303160671699304,1635,1385303160671699304,,70,0.0
1385303160776441395,1636,1385303160776441395,,71,0.0
1385303160843977967,1637,1385303160843977967,,71,0.0
1385303160933635584,1638,1385303160933635584,,71,0.0
1385303161040164697,1639,1385303161040164697,,0,0.0
1385303161152268291,1640,1385303161152268291,,0,0.0
1385303161243118420,1641,1385303161243118420,,0,0.0
1385303161332842070,1642,1385303161332842070,,182,0.0
1385303161462113076,1643,1385303161462113076,,182,0.0
1385303161541040962,1644,1385303161541040962,,182,0.0
1385303161664677811,1645,1385303161664677811,,1,0.0
1385303161751386835,1646,1385303161751386835,,183,0.0
1385303161831408088,1647,1385303161831408088,,183,0.0
1385303161957040861,1648,1385303161957040861,,183,0.0
1385303162069493353,1649,1385303162069493353,,219,0.0
1385303162151583974,1650,1385303162151583974,,220,0.0
1385303162260820106,1651,1385303162260820106,,220,0.0
1385303162356683963,1652,1385303162356683963,,220,0.0
1385303162492592035,1653,1385303162492592035,,220,0.0
1385303162574915483,1654,1385303162574915483,,220,0.0
1385303162690344967,1655,1385303162690344967,,74,0.0
1385303162766187467,1656,1385303162766187467,,74,0.0
1385303162872274734,1657,1385303162872274734,,75,0.0
1385303162956977167,1658,1385303162956977167,,75,0.0
1385303163060720430,1659,1385303163060720430,,75,0.0
1385303163161248180,1660,1385303163161248180,,184,0.0
1385303163274616272,1661,1385303163274616272,,184,0.0
1385303163345981883,1662,1385303163345981883,,184,0.0
1385303163452154339,1663,1385303163452154339,,184,0.0
1385303163551200894,1664,1385303163551200894,,185,0.0
1385303163651933643,1665,1385303163651933643,,185,0.0
1385303163756657059,1666,1385303163756657059,,186,0.0
1385303163877392837,1667,1385303163877392837,,186,0.0
1385303164035625049,1668,1385303164035625049,,8,0.0
1385303164102667122,1669,1385303164102667122,,8,0.0
1385303164159454718,1670,1385303164159454718,,8,0.0
1385303164260172328,1671,1385303164260172328,,221,0.0
1385303164353059445,1672,1385303164353059445,,10,0.0
1385303164458489938,1673,1385303164458489938,,10,0.0
1385303164576043962,1674,1385303164576043962,,10,0.0
1385303164662841041,1675,1385303164662841041,,10,0.0
1385303164761944981,1676,1385303164761944981,,187,0.0
1385303164866565257,1677,1385303164866565257,,187,0.0
1385303164968438371,1678,1385303164968438371,,187,0.0
1385303165070786045,1679,1385303165070786045,,187,0.0
1385303165170801586,1680,1385303165170801586,,187,0.0
1385303165273236439,1681,1385303165273236439,,187,0.0
1385303165362492728,1682,1385303165362492728,,11,0.0
1385303165460560957,1683,1385303165460560957,,11,0.0
1385303165557034628,1684,1385303165557034628,,11,0.0
1385303165656567307,1685,1385303165656567307,,11,0.0
1385303165761275434,1686,1385303165761275434,,76,0.0
1385303165855767143,1687,1385303165855767143,,76,0.0
1385303165957616433,1688,1385303165957616433,,76,0.0
1385303166064050526,1689,1385303166064050526,,76,0.0
1385303166153189324,1690,1385303166153189324,,76,0.0
1385303166254049385,1691,1385303166254049385,,76,0.0
1385303166395565819,1692,1385303166395565819,,76,0.0
1385303166491233998,1693,1385303166491233998,,76,0.0
1385303166567185239,1694,1385303166567185239,,76,0.0
1385303166669632422,1695,1385303166669632422,,76,0.0
1385303166759038908,1696,1385303166759038908,,76,0.0
1385303166871841598,1697,1385303166871841598,,77,0.0
1385303166986355550,1698,1385303166986355550,,77,0.0
1385303167081421326,1699,1385303167081421326,,77,0.0
1385303167172778839,1700,1385303167172778839,,77,0.0
1385303167271758965,1701,1385303167271758965,,77,0.0
1385303167423856452,1702,1385303167423856452,,77,0.0
1385303167546939514,1703,1385303167546939514,,13,0.0
1385303167635535295,1704,1385303167635535295,,14,0.0
1385303167714976355,1705,1385303167714976355,,14,0.0
1385303167809489734,1706,1385303167809489734,,14,0.0
1385303167900410098,1707,1385303167900410098,,14,0.0
1385303168042361415,1708,1385303168042361415,,14,0.0
1385303168120903773,1709,1385303168120903773,,14,0.0
1385303168196833422,1710,1385303168196833422,,14,0.0
1385303168298885849,1711,1385303168298885849,,13,0.0
1385303168387011105,1712,1385303168387011105,,13,0.0
1385303168510801539,1713,1385303168510801539,,77,0.0
1385303168692892018,1714,1385303168692892018,,77,0.0
1385303168764626794,1715,1385303168764626794,,78,0.0
1385303168802611563,1716,1385303168802611563,,78,0.0
1385303168881432171,1717,1385303168881432171,,78,0.0
1385303168992541516,1718,1385303168992541516,,78,0.0
1385303169102569842,1719,1385303169102569842,,78,0.0
1385303169206559066,1720,1385303169206559066,,15,0.0
1385303169306430112,1721,1385303169306430112,,15,0.0
1385303169501969123,1722,1385303169501969123,,15,0.0
1385303169656620072,1723,1385303169656620072,,15,0.0
1385303169682914110,1724,1385303169682914110,,15,0.0
1385303169750386228,1725,1385303169750386228,,16,0.0
1385303169819110986,1726,1385303169819110986,,15,0.0
1385303169889976164,1727,1385303169889976164,,15,0.0
1385303169993722963,1728,1385303169993722963,,15,0.0
1385303170095599695,1729,1385303170095599695,,16,0.0
1385303170183526305,1730,1385303170183526305,,16,0.0
1385303170289708027,1731,1385303170289708027,,16,0.0
1385303170385730295,1732,1385303170385730295,,16,0.0
1385303170486180693,1733,1385303170486180693,,16,0.0
1385303170589376252,1734,1385303170589376252,,16,0.0
1385303170686365319,1735,1385303170686365319,,17,0.0
1385303170788346165,1736,1385303170788346165,,17,0.0
1385303170970965307,1737,1385303170970965307,,17,0.0
1385303171083050014,1738,1385303171083050014,,18,0.0
1385303171111701337,1739,1385303171111701337,,222,0.0
1385303171228254572,1740,1385303171228254572,,18,0.0
1385303171288919948,1741,1385303171288919948,,18,0.0
1385303171387606827,1742,1385303171387606827,,18,0.0
1385303171494047583,1743,1385303171494047583,,18,0.0
1385303171592964344,1744,1385303171592964344,,18,0.0
1385303171687582090,1745,1385303171687582090,,18,0.0
1385303171789606680,1746,1385303171789606680,,18,0.0
1385303171894793858,1747,1385303171894793858,,18,0.0
1385303172029258041,1748,1385303172029258041,,18,0.0
1385303172096644996,1749,1385303172096644996,,18,0.0
1385303172198072308,1750,1385303172198072308,,18,0.0
1385303172299258444,1751,1385303172299258444,,18,0.0
1385303172400334195,1752,1385303172400334195,,18,0.0
1385303172498453839,1753,1385303172498453839,,18,0.0
1385303172596334742,1754,1385303172596334742,,18,0.0
1385303172723199978,1755,1385303172723199978,,18,0.0
1385303172804269695,1756,1385303172804269695,,18,0.0
1385303172898646143,1757,1385303172898646143,,18,0.0
1385303173002905611,1758,1385303173002905611,,18,0.0
1385303173110246019,1759,1385303173110246019,,18,0.0
1385303173217454720,1760,1385303173217454720,,18,0.0
1385303173304137993,1761,1385303173304137993,,18,0.0
1385303173429462034,1762,1385303173429462034,,18,0.0
1385303173504606546,1763,1385303173504606546,,18,0.0
1385303173644480661,1764,1385303173644480661,,18,0.0
1385303173747347178,1765,1385303173747347178,,18,0.0
1385303173820123175,1766,1385303173820123175,,18,0.0
1385303173909972049,1767,1385303173909972049,,18,0.0
1385303174016656213,1768,1385303174016656213,,18,0.0
1385303174151740921,1769,1385303174151740921,,18,0.0
1385303174211510381,1770,1385303174211510381,,18,0.0
1385303174309477429,1771,1385303174309477429,,18,0.0
1385303174418532856,1772,1385303174418532856,,18,0.0
1385303174524770976,1773,1385303174524770976,,18,0.0
1385303174707318900,1774,1385303174707318900,,18,0.0
1385303174822299462,1775,1385303174822299462,,18,0.0
1385303174831996932,1776,1385303174831996932,,18,0.0
1385303174921870330,1777,1385303174921870330,,18,0.0
1385303175060655472,1778,1385303175060655472,,18,0.0
1385303175132328641,1779,1385303175132328641,,18,0.0
1385303175224995777,1780,1385303175224995777,,18,0.0
1385303175321014250,1781,1385303175321014250,,18,0.0
1385303175432798214,1782,1385303175432798214,,18,0.0
1385303175545455346,1783,1385303175545455346,,18,0.0
1385303175630772702,1784,1385303175630772702,,18,0.0
1385303175727065386,1785,1385303175727065386,,18,0.0
1385303175833213090,1786,1385303175833213090,,18,0.0
1385303175935798023,1787,1385303175935798023,,18,0.0
1385303176037783637,1788,1385303176037783637,,18,0.0
1385303176125034328,1789,1385303176125034328,,18,0.0
1385303176232227535,1790,1385303176232227535,,18,0.0
1385303176326146701,1791,1385303176326146701,,18,0.0
1385303176445891160,1792,1385303176445891160,,18,0.0
1385303176535783316,1793,1385303176535783316,,18,0.0
1385303176623462841,1794,1385303176623462841,,18,0.0
1385303176719195776,1795,1385303176719195776,,18,0.0
1385303176823322713,1796,1385303176823322713,,18,0.0
1385303176930412477,1797,1385303176930412477,,18,0.0
1385303177029597628,1798,1385303177029597628,,18,0.0
1385303177138981539,1799,1385303177138981539,,18,0.0
1385303177230966230,1800,1385303177230966230,,18,0.0
1385303177325742706,1801,1385303177325742706,,18,0.0
1385303177430384953,1802,1385303177430384953,,18,0.0
1385303177531476445,1803,1385303177531476445,,18,0.0
1385303177656289622,1804,1385303177656289622,,18,0.0
